 0.0005482311882135312 74.5974974168248 -0.7045319714952049 19.714276234306787 -4.969990115276632E-35 1.2549504762349764E-32 -2760.4269415777576
 0.00274019415727332 74.6854940913812 -0.7045216344870708 0.09090348703691792 -2.4713593231687773E-34 6.487315094809227E-32 -2754.4392973623694
 0.007120274647511144 74.83948531254461 -0.7044074899760745 0.09112403649503313 -6.349550285401668E-34 1.8488268446201952E-31 -2785.651790750365
 0.013680788509385776 75.09932720133597 -0.7041192324750644 0.09231709324298745 -1.2006969497039174E-33 4.084903568884358E-31 -2779.203794080729
 0.022410226372305896 75.41286291832012 -0.7032666626796563 0.09257319184226755 -1.9229206788491308E-33 8.111595003072266E-31 -2834.0722279650217
 0.03329327383597702 75.83697864414792 -0.7019221792667778 0.09379125007122 -2.7805613572090718E-33 1.5346445024522755E-30 -2830.6331601931674
 0.04631083833706351 76.30847734045764 -0.6992220568233657 0.09412049532087498 -3.746535594940795E-33 2.8778375042887256E-30 -2905.980269763958
 0.0614400826440323 76.88765436544274 -0.6955819840324199 0.09521984997525447 -4.784732205587039E-33 5.421534931662024E-30 -2907.9269741008175
 0.0786544649214172 77.50926530013837 -0.6895903456766626 0.09556845885990109 -5.843993675000019E-33 1.0430599502316112E-29 -3001.2975021691996
 0.0979237852932173 78.22774909746387 -0.682091731185368 0.09651938234024224 -6.927329268717839E-33 2.0531669830572445E-29 -3009.920579799883
 0.11921423882374141 78.98260552553663 -0.6712614306586036 0.09682508966908979 -7.956498082749768E-33 4.16492451441977E-29 -3118.7148643013848
 0.14248847482295224 79.81513553494236 -0.6583235857768359 0.09759364702221635 -8.949555710324437E-33 8.691029027639633E-29 -3134.2076484728577
 0.1677056623722686 80.67519783595837 -0.6414173788758809 0.09779517163547949 -9.918539213594265E-33 1.8714343673307411E-28 -3255.2169342321044
 0.1948215619558712 81.5862916203876 -0.6219787200914997 0.09834188216542804 -9.16020429799179E-33 4.14821816571228E-28 -3276.584288995257
 0.22378860307184567 82.51307466618104 -0.5986374133736176 0.09838971186595968 -2.782366916531935E-32 9.478705392999878E-28 -3405.8649270102123
 0.254555967687008 83.46020449980946 -0.5727822126936088 0.09868767787376395 1.2548035440790463E-31 2.228276351179588E-27 -3431.054679000528
 0.2870696793890023 84.40989800037214 -0.543990041154183 0.09855946326874339 -8.917657495620523E-31 5.391864391934346E-27 -3564.2372873847944
 0.32127269807926995 85.35053286870304 -0.5132841342863429 0.09861353948895946 4.753231213934155E-30 1.3414681400642443E-26 -3590.6334000483184
 0.3571050200407644 86.28233480769846 -0.4813649645323596 0.09832466584610218 -2.2353450344276282E-29 3.428509474555751E-26 -3723.590210025051
 0.39450378320486024 87.18201322970988 -0.44858515877836763 0.09817914512751527 9.379861422974016E-29 9.008321499883101E-26 -3748.727394700525
 0.43340337743278257 88.065785721159 -0.4166399029937332 0.09778018677513828 -3.5802231182994502E-28 2.42425912634034E-25 -3878.2699026633336
 0.47373555961808467 88.90326007161927 -0.3850256528318963 0.09751034263958963 1.2641055931174422E-27 6.708470349218513E-25 -3900.431456390514
 0.5154295734082459 89.72287719404727 -0.3561483358153592 0.0970728067244635 -4.168009366014341E-27 1.894282745660566E-24 -4024.6831444246154
 0.5584122733353573 90.4903525196585 -0.32863909009175496 0.09676685386201839 1.297401272218653E-26 5.498355813773395E-24 -4043.1278011358595
 0.602608253138127 91.24210645926816 -0.30534729547467865 0.09636615722104086 -3.835081841915151E-26 1.622717936866699E-23 -4161.454866169138
 0.6479399780500863 91.94164522251391 -0.28416792994469636 0.09610831722733812 1.0846319736356855E-25 4.9137188761997614E-23 -4176.273744670327
 0.694327920821916 92.62978067488592 -0.26823332526193183 0.0958119947383939 -2.945435499053028E-25 1.5086689977929886E-22 -4288.915534951423
 0.7416907012392653 93.26844743290656 -0.25487707770176926 0.09567308840947325 7.723820591378269E-25 4.735740512373248E-22 -4300.699377816641
 0.7899452288913011 93.90045847594249 -0.2474723938382237 0.09553659484299742 -1.9592119724729266E-24 1.5040749650587151E-21 -4408.327391845442
 0.8390068489395233 94.48631922622148 -0.24292762191630035 0.09557240536098906 4.8307296241080776E-24 4.8613274085832904E-21 -4417.834466859867
 0.8887894906311168 95.06962535539452 -0.2449114174225859 0.09564049224454797 -1.1575614740472056E-23 1.5864290258692966E-20 -4521.202582303277
 0.939205818296299 95.6094515637468 -0.24995821547186595 0.09589483037712213 2.7097621876513853E-23 5.24276139427574E-20 -4529.130894146043
 0.9901673845647623 96.14979989975582 -0.26216026439448825 0.09620527801140846 -6.178549798952104E-23 1.7450479209424446E-19 -4628.871475631937
 1.0415847855324147 96.64831436420012 -0.27763226690288156 0.09671445456206139 1.3824588150193497E-22 5.8542934674532E-19 -4635.750875385841
 1.0933678176062092 97.14948817242599 -0.30107705258268 0.09730168320498894 -3.010182034225107E-22 1.9722932342790735E-18 -4732.296740686842
 1.1454256357518955 97.60956306309537 -0.32805205052782815 0.09809819591368404 6.4709668719990775E-22 6.6676011773053E-18 -4738.469243797487
 1.197666912867081 98.0737751808327 -0.36410762561875004 0.09899537233291308 -1.3444061427531056E-21 2.2561357892033073E-17 -4832.054247370679
 1.25 98.49700611009837 -0.4040257873383768 0.10010968309939171 2.7939817019385116E-21 7.62899607388763E-17 -4837.701041941331
 1.302333087132919 98.92548049939401 -0.4544826467019001 0.1013486488366036 -5.4882016609839574E-21 2.5730738108256887E-16 -4928.395589503072
 1.354574364248104 99.31275801858027 -0.5091985799195508 0.10280853592340271 1.1195086389172066E-20 8.63869167923928E-16 -4933.578568477683
 1.4066321823937904 99.70621738235143 -0.5762809791181177 0.10441719464423475 -2.0138120373019623E-20 2.8826197306546886E-15 -5021.331131253712
 1.458415214467585 100.05812023630882 -0.6480498057032756 0.10624442583958865 4.240017218634848E-20 9.539438942657418E-15 -5026.030420426804
 1.5098326154352377 100.4170736875616 -0.7343527693764438 0.10824136952919791 -6.247204822153694E-20 3.126629884109824E-14 -5110.7002723606665
 1.560794181703701 100.73404463097259 -0.825740787213259 0.11044558910809339 1.6176663913347385E-19 1.0127058544106154E-13 -5114.83997713093
 1.611210509368883 101.0588723870249 -0.9340767666353035 0.11283192323647512 -1.1803290136467562E-19 3.237562383917447E-13 -5196.215821965028
 1.6609931510604765 101.34120569805528 -1.0477786233141466 0.11540185128315134 7.256722786403444E-19 1.0193686741456109E-12 -5199.676633517591
 1.7100547711086986 101.63208320753117 -1.1809111511452877 0.11815051800182823 4.750905775283096E-19 3.157392014820798E-12 -5277.480881635766
 1.758309298760735 101.87978041821162 -1.3194495880548633 0.12104292612765728 4.443850344859434E-18 9.600512912145945E-12 -5280.101605040812
 1.805672079178084 102.13650277283438 -1.4796893330993282 0.12408639126078375 9.040081894291013E-18 2.8625341349383792E-11 -5353.982915597198
 1.8520600219499133 102.34907026971501 -1.6449731920542037 0.12721392250762237 3.4126151196640095E-17 8.352706434932255E-11 -5355.55553110737
 1.8973917468618728 102.57085684548264 -1.833619423455713 0.13043195961033432 8.995444645421549E-17 2.382589182859686E-10 -5425.07520412621
 1.9415877266646429 102.7471480580293 -2.026348274014514 0.13365180903281862 2.7160552689761926E-16 6.631283302209446E-10 -5425.341541620876
 1.984570426591754 102.93254281961764 -2.242987658089423 0.13686237840370824 7.349775970360013E-16 1.798831494974752E-9 -5489.964085332978
 2.026264440381915 103.07079297165244 -2.461932909326115 0.13996925133638538 2.0088475288355115E-15 4.747459451754112E-9 -5488.627005689788
 2.066596622567217 103.21782062619577 -2.7036771385455016 0.14292711568926542 5.210237720792292E-15 1.2176220289748193E-8 -5547.731367749693
 2.1054962167951397 103.31605487906954 -2.944959958801477 0.14565556604910393 1.3195154578956526E-14 3.029891969332362E-8 -5544.496937695725
 2.1428949799592356 103.42280095324735 -3.2058262819578447 0.14806469932877878 3.206492386158474E-14 7.30613681336156E-8 -5597.428092248915
 2.17872730192073 103.4797438933917 -3.4624497919667636 0.1501068325005303 7.52528976447962E-14 1.7045923791550324E-7 -5592.0907087048045
 2.2129303206109974 103.54541337323951 -3.7332253379526605 0.15165199216198388 1.6952448859169598E-13 3.843170897291039E-7 -5638.2625513536195
 2.245444032312992 103.56180445728761 -3.9952244630542433 0.15269411281217848 3.6693119098448774E-13 8.360908138355347E-7 -5630.824146920167
 2.2762113969281543 103.58802601350062 -4.264168366116723 0.1530913989307908 7.608864808003564E-13 0.0000017529304747133199 -5669.856927434308
 2.3051784380441287 103.56788071263395 -4.519644884943981 0.15286515110983037 1.5109539323787495E-12 0.000003536598378127737 -5660.636979326046
 2.332294337627731 103.55968710376862 -4.774095527989454 0.1519205921876248 2.86830115208221E-12 0.0000068571783666305574 -5692.476142983833
 2.3575115251770478 103.51080833601202 -5.010994280655792 0.15025292738240353 5.201391839922293E-12 0.000012756077493626 -5682.1475329220975
 2.3807857611762584 103.47667540644866 -5.239403666643024 0.1479083436839774 8.999746042623252E-12 0.00002273075883047826 -5707.099492085353
 2.4020762147067827 103.40996609217903 -5.44737311862052 0.14475018689572242 1.4846571920812634E-11 0.00003871055137597745 -5696.61065700684
 2.421345535078583 103.36074335284894 -5.6409180384327335 0.1410965099430637 2.3328545724558882E-11 0.0000628694078808117 -5715.269661167918
 2.4385599173559678 103.2885359353866 -5.812474996974209 0.13652116943984421 3.488135735159154E-11 0.00009707027952787454 -5705.6798458224375
 2.453689161662936 103.23572790040677 -5.965621461818828 0.13177384740713496 4.956746620430041E-11 0.00014215946717398138 -5718.780624839629
 2.466706726164023 103.1698419107462 -6.096257733627699 0.12595512004084553 6.685136519123655E-11 0.00019688906571037115 -5711.085886585651
 2.4775897736276944 103.12393891477274 -6.20610094056369 0.12041449711038023 8.548108160313696E-11 0.0002576014215951915 -5719.337322464207
 2.4863192114906143 103.07408480453485 -6.292945213142889 0.11358994616187397 1.0361750831960634E-10 0.0003181061746230715 -5714.372504288014
 2.4928797253524886 103.04345318599195 -6.357154134318786 0.10779178653092326 1.192286753590854E-10 0.0003712191078923779 -5718.251431317338
 2.4972598058427264 103.01588709142152 -6.398355640811605 0.10005300609479714 1.3057364067675237E-10 0.0004104643043689185 -5716.946325222518
 2.4994517688117863 103.00676329506615 -6.418260393841233 0.0930930126022782 1.3650794408196515E-10 0.00043075446778140903 -5715.22636008587
 2.5013706080328704 102.99977402164448 -6.437025921263952 0.09432775780119061 1.421758366779736E-10 0.0004487834302637348 -5717.669413642444
 2.5035630518410876 102.98665522135917 -6.458994552727653 0.09838800228513514 1.4902424565653292E-10 0.00047082731989923335 -5717.153545392919
 2.50685051540278 102.96826280730704 -6.491890452938494 0.10179776834177708 1.5988377276605525E-10 0.0005045358040539619 -5717.043636473911
 2.511231556727778 102.94227126575709 -6.535699147201225 0.10563708133285264 1.7552927330820605E-10 0.0005506443329429441 -5717.5184873680055
 2.516704254146561 102.9104761424345 -6.590249653816115 0.10918014408058704 1.9712199737371952E-10 0.0006100181369877347 -5716.6725956197115
 2.523266207153167 102.8691963086659 -6.655605339572105 0.11317930932522642 2.2634213129946147E-10 0.0006829607735442231 -5717.750850334246
 2.530914537458133 102.8222058479868 -6.731272203427183 0.11694451594834536 2.655873502398185E-10 0.0007704102919430347 -5715.791215542681
 2.539645890251008 102.76306620122524 -6.817609019523449 0.12113598636640756 3.182661221950042E-10 0.0008722262368418153 -5717.508404424475
 2.549456435671882 102.69822525181007 -6.913426898903859 0.12520353283977104 3.892312773050685E-10 0.0009893410874861894 -5713.990029076522
 2.5603418704912926 102.61801686513695 -7.0197412649553765 0.1296160362919864 4.854160895454062E-10 0.0011212469310611457 -5716.300981182662
 2.572297419997761 102.5319081606442 -7.134139125193323 0.1340446555673144 6.16779749121772E-10 0.0012688242261563564 -5710.7694757898635
 2.5853178400921384 102.42688555436222 -7.258781001698691 0.13870806644119044 7.976875147280976E-10 0.0014313598666522405 -5713.5395887647755
 2.5993974195878433 102.31547590258172 -7.389393027838899 0.14353093154981725 1.048981688408958E-9 0.0016096052318705725 -5705.558053612645
 2.6145299827159736 102.18154578093568 -7.529845629804137 0.14847001053196598 1.4009621627677986E-9 0.0018028305603169036 -5708.577105192146
 2.6307088918342068 102.04042045309852 -7.673351144982012 0.1536916675554991 1.8979038241718497E-9 0.002011555811085379 -5697.756936769706
 2.647927050338284 101.87341414353776 -7.8260522378205035 0.15891721668497513 2.6043623233265576E-9 0.002235210619399937 -5700.765413603064
 2.6661769057748215 101.69810561362276 -7.9780993141135506 0.16451093907080358 3.614838147389243E-9 0.002473981885887726 -5686.803332597432
 2.68545045315406 101.49411592153417 -8.138372939917057 0.17001095296901342 5.066541468615793E-9 0.0027275971910999575 -5689.529226481816
 2.705739238461123 101.28049749338695 -8.29364372230847 0.17591727192469647 7.1592942635833604E-9 0.002995833694604894 -5672.246310800549
 2.7270343623642246 101.03622880661806 -8.455807787812448 0.18165028850586593 1.017950607206732E-8 0.003278804475136715 -5674.447759106806
 2.7493264841182095 100.78090403633657 -8.608264052404365 0.18777794875746712 1.453892741778508E-8 0.003575839624230257 -5653.822174804417
 2.7726058256617154 100.49395815020026 -8.765945747724501 0.19367054702142467 2.0814837395492242E-8 0.0038874710488250317 -5655.327717082361
 2.796862175906152 100.19455284275598 -8.909248622139264 0.19990095066224134 2.982056230166621E-8 0.004212587587176943 -5631.511225754453
 2.822084895214622 99.86357178460426 -9.05588053001905 0.20585052562672887 4.2662318238830975E-8 0.004552123990748549 -5632.2479355660535
 2.8482629200688185 99.51884702052813 -9.183922787642787 0.2120459052280863 6.085914574497965E-8 0.004904572328314463 -5605.558620061477
 2.875384767921848 99.1434678591444 -9.313331718936587 0.21792853025637612 8.640305359755235E-8 0.0052712151534738605 -5605.560706747216
 2.9034385422348565 98.75322270481139 -9.42078072301282 0.22394298393374382 1.219524916234163E-7 0.005650221376831078 -5576.4504921359285
 2.9324119376952456 98.33385709323892 -9.52774927468791 0.22962483758560975 1.7085686480990886E-7 0.00604314006814161 -5575.84662183819
 2.9622922456141856 97.89865680907913 -9.610494398776561 0.23531649407585253 2.3745999256574268E-7 0.006447908038557224 -5544.849520638384
 2.9930663595010705 97.43616289748911 -9.691187402870106 0.24066654374980778 3.2701498009816527E-7 0.0068662464136796724 -5543.833456969675
 3.024720780812455 96.95698019294659 -9.74661816738386 0.2459088839160876 4.461570274598525E-7 0.007295956835232082 -5511.505647357668
 3.0572416248729635 96.45232150847235 -9.798812745218981 0.25081053292924044 6.025972543815837E-7 0.007738836539671422 -5510.29895767734
 3.090614626965568 95.93019326052205 -9.825904290482327 0.25550128512255427 8.058574899631592E-7 0.008192644805073835 -5477.162805063382
 3.1248251485885614 95.38417038164839 -9.849017748469935 0.2598613335076683 0.0000010666014077198541 0.00865916689207393 -5475.978968770833
 3.1598581838764925 94.81995067149222 -9.848245304199251 0.26392809439631076 0.0000013977581750613588 0.009136200777481637 -5442.480263557292
 3.1956983661822314 94.23305740097952 -9.843196854296549 0.2676822405086375 0.0000018133352793800476 0.009625446108096609 -5441.4971598743605
 3.232329974817289 93.62730626882032 -9.816326585125534 0.2710847028345252 0.000002330076605854608 0.010124803896795586 -5407.980086202389
 3.2697369419474325 92.99972071311682 -9.785287709950724 0.2741995733461077 0.000002965611330889128 0.010635832840641672 -5407.324184769286
 3.307902859640566 92.35272611095364 -9.735096755534904 0.27692875380306986 0.000003740778783289595 0.01115658213713295 -5374.023923659333
 3.3468109870637957 91.68441361195362 -9.681184495350955 0.27940093373402713 0.00000467700727162883 0.011688433917078744 -5373.766108815623
 3.386444257826506 90.99631441470616 -9.611155310847353 0.28147604835637935 0.0000057993845354540065 0.012229611214217015 -5340.815777772312
 3.4267852874662497 90.2872005945989 -9.538111829274296 0.2833288018505676 0.000007133230812129333 0.01278130314483632 -5340.976461759153
 3.4678163810741434 89.55816512097444 -9.452133486544158 0.2847925011442289 0.00000870790306407841 0.013341914089088507 -5308.423611145657
 3.5095195410564397 88.80833319990472 -9.36402203101207 0.2860709181826361 0.000010552623075716281 0.01391244088974671 -5308.983785191429
 3.5518764750288687 88.03874815681303 -9.26611959247768 0.28698356016570575 0.000012700889927641716 0.014491461126960405 -5276.811596441625
 3.59486860384028 87.24862115452002 -9.167055811320909 0.2877488231065641 0.000015185734380215256 0.015079794435775524 -5277.726468132516
 3.6384770697220743 86.43925529250535 -9.061160348793901 0.28818239149739516 0.000018044497824728762 0.01567617089443239 -5245.875596280583
 3.6826827445598416 85.60973578717905 -8.955089935903258 0.2885057799623252 0.000021313791174700665 0.01628125906444789 -5247.088072943596
 3.7274662382835873 84.76185582808571 -8.844855984072629 0.28853797100226375 0.00002503430169593067 0.016893911533330325 -5215.476252695226
 3.772807907372856 83.89440940175294 -8.73538406835611 0.2884951307810202 0.000029245819001856434 0.01751467975540194 -5216.928399888463
 3.818687863473029 83.0098391046447 -8.624057159777692 0.2882040356753803 0.00003399167221963003 0.01814250262943821 -5185.466140039553
 3.8650859821190133 82.10651953250817 -8.514330623514049 0.2878699263783983 0.00003931423123466038 0.01877785339710029 -5187.107620003884
 3.9119819115624996 81.18764365723507 -8.404664096684538 0.28732962189800415 0.0000452585670205998 0.019419717492220462 -5155.709341899306
 3.9593550816989085 80.25106667936599 -8.297304368358269 0.2867744282646889 0.00005186883327988183 0.020068531401840575 -5157.502570757129
 4.007184713090121 79.30078894331223 -8.191521486419335 0.2860516575165306 0.000059190785032584315 0.020723285771361916 -5126.093312530718
 4.055449826079023 78.33406656838724 -8.088602155497655 0.2853378081398448 0.00006726939301448827 0.021384422635603778 -5128.015601055933
 4.1041292499918836 77.35573434834826 -7.98839683837064 0.28448979867170043 0.00007614994360691101 0.022050896352228126 -5096.533896240228
 4.153201632424501 76.36238337592724 -7.891457916663551 0.28367009895963236 0.00008587714300374367 0.02272319659527853 -5098.577148816086
 4.202645448608086 75.35969246296452 -7.798025422300487 0.28274344377229094 0.00009649464211343247 0.023400200490558486 -5066.974926733653
 4.252439010850726 74.34353007553472 -7.708114556687904 0.28186021512047776 0.00010804576352092933 0.02408248678863785 -5069.143594596645
 4.302560478050328 73.32042119311568 -7.622202544927869 0.2808906502791173 0.00012057143084994606 0.024768815163456803 -5037.383995261878
 4.35298786527485 72.28545806115493 -7.539933151218272 0.27997568841230125 0.00013411251667593148 0.025459894292829226 -5039.691959920891
 4.403699053405612 71.24601411666858 -7.461903801673236 0.2789885484323882 0.00014870628888994072 0.026154326627299936 -5007.745869753551
 4.454671798839481 70.19635241431001 -7.387520871210563 0.2780636761176688 0.00016439025029926942 0.026852991483629043 -5010.212822008746
 4.505883743245645 69.14470242017907 -7.3174159269342915 0.2770747956750154 0.00018119732868510032 0.02755429418361955 -4978.054776177428
 4.557312423372716 68.0844431683853 -7.25086186546714 0.27615278507271535 0.00019916097493565053 0.02825932594074749 -4980.702501758355
 4.608935280901857 67.02467601241915 -7.188464283277932 0.27516963545293155 0.0002183094066641426 0.028966254162971956 -4948.306411065686
 4.660729672341605 65.95783766186383 -7.129439170177743 0.2742553033956287 0.00023867166327804992 0.029676424545946187 -4951.155231011178
 4.712672878960053 64.89392670888647 -7.074327073090604 0.2732781926610559 0.00026027125815354283 0.0303877241468081 -4918.490208571755
 4.764742116750039 63.824374996156564 -7.022339787659089 0.2723695158633469 0.000283132863098157 0.03110179780295563 -4921.555673946819
 4.816914546422964 62.76011291993087 -6.973930302579456 0.27139273096484706 0.0003072757291651019 0.03181620746032894 -4888.582078879218
 4.869167283426858 61.69150075304538 -6.928338781976965 0.27048187680641156 0.00033272069202224566 0.0325329444218867 -4891.871897214305
 4.9214774079843036 60.6304429596237 -6.885920927710776 0.2694946950063697 0.0003594836890282084 0.0332491979839732 -4858.537588734418
 4.973821975145803 59.56615831992704 -6.845961306261687 0.26856891065724775 0.0003875828400356342 0.0339673562216587 -4862.048668846195
 5.078522592015696 57.4546922914167 -6.773524016025685 0.2665988003725513 0.0004478493946414885 0.035402523397308504 -4832.000826038356
 5.130832716573141 56.40951329963718 -6.740547126409217 0.2655427436096656 0.0004800487899356762 0.03611866047790966 -4797.720524004954
 5.183085453577036 55.362759601096684 -6.709159792615736 0.2645327137677066 0.0005136496774138772 0.03683594014494977 -4801.606401233829
 5.235257883249961 54.32954425535369 -6.6794555315382445 0.2634119238793296 0.0005486706726499566 0.0375501216304701 -4766.697530794511
 5.287327121039947 53.295245893288126 -6.6508327894076045 0.26232602000722033 0.0005851368624461879 0.038265110491254535 -4770.699264494726
 5.3392703276583955 52.276132903084005 -6.623330114438327 0.26111722919750524 0.0006230753839019424 0.038976080330257255 -4735.022855144911
 5.391064719098143 51.25618932553446 -6.596355201529596 0.2599296745314935 0.0006625228336801737 0.03968755389564565 -4739.061275653403
 5.442687576627284 50.25286466978464 -6.569919281374079 0.25860839181778394 0.0007035212082632499 0.04039406692273524 -4702.447118836415
 5.494116256754355 49.24872291936193 -6.5434230817839705 0.2572921972929002 0.0007461261035358734 0.04110080978896168 -4706.414398531532
 5.545328201160519 48.2624026019331 -6.51688722139216 0.25583411135319745 0.0007904026049411131 0.04180163449554003 -4668.657832521663
 5.596300946594388 47.275060450445345 -6.4896950585802315 0.2543627993645842 0.0008364346478092114 0.04250243980088931 -4672.413949510103
 5.64701213472515 46.30650922910057 -6.461924473716774 0.2527459618702446 0.0008843201203594925 0.04319635983833283 -4633.274260996211
 5.697439521949672 45.33656778062045 -6.432942023330583 0.2510962381061951 0.0009341815058563164 0.04389002627660415 -4636.645106121554
 5.747560989149274 44.386180532764016 -6.402942888832957 0.24930424353722286 0.0009861590030372837 0.044575840112930185 -4595.847090346627
 5.797354551391914 43.433974749155276 -6.371292401551292 0.24745976261167102 0.001040422077001861 0.04526116613704329 -4598.625832778688
 5.846798367575499 42.50194885295063 -6.338372937413601 0.24548589294501177 0.0010971588952157362 0.04593768472828665 -4555.866502404062
 5.8958707500081164 41.56778009066013 -6.303579946896138 0.24344191149533834 0.0011565877891982189 0.04661346041286561 -4557.820154238403
 5.944550173920977 40.6543956194028 -6.267554677844376 0.24129375786597107 0.0012189410064707424 0.04727950352987272 -4512.782703800024
 5.992815286909879 39.73886946372507 -6.229765066248343 0.23906192017784622 0.0012844746311733205 0.04794450171802295 -4513.665709411757
 6.040644918301091 38.844864178127665 -6.191169418099543 0.23676540320998857 0.0013534449609048536 0.048598894459086335 -4466.042327666625
 6.0880180884375 37.9492979591595 -6.151350357930285 0.23437730351166655 0.00142611555550963 0.04925186393090105 -4465.618176186652
 6.134914017880986 37.076278750424436 -6.111606584517805 0.2319785083343157 0.001502725816677042 0.04989343560544381 -4415.141915772192
 6.181312136526971 36.20309423782928 -6.071661504474317 0.22948629900312942 0.001583494815325999 0.05053309963834978 -4413.212096189547
 6.227192092627144 35.35387924512378 -6.033119891562648 0.2270494325741512 0.0016685839167900696 0.051160687329160064 -4359.695749593521
 6.272533761716413 34.50685546714802 -5.995839983060363 0.22452191401191202 0.0017580987935687633 0.05178575081487406 -4356.132990535433
 6.317317255440159 33.68561312741982 -5.961624227425426 0.22212225181485934 0.0018520507076172513 0.05239820930758727 -4299.510146223167
 6.361522930277926 32.869865120371095 -5.930418872103689 0.21963578602667416 0.001950360052588206 0.05300737626441379 -4294.290347682029
 6.405131396159719 32.081930025291804 -5.904040666000429 0.21734777742194705 0.0020528231476432445 0.0536035944713873 -4234.651288609796
 6.44812352497113 31.303520487927287 -5.882441840632038 0.21497295621994028 0.0021591217431103224 0.05419559515096627 -4227.876759881493
 6.49048045894356 30.55483427328424 -5.86721699763858 0.21285546764348237 0.0022688026138020785 0.05477451658522983 -4165.490694864337
 6.532183618925856 29.8200213454594 -5.8582313451869386 0.2106423323193532 0.002381296627719531 0.05534813969240707 -4157.3973083825385
 6.5732147125337494 29.116263837709955 -5.8566131307495635 0.2087247207413325 0.002495916145642562 0.05590878157300754 -4092.713631320547
 6.613555742173494 28.43051975769716 -5.862075417890813 0.20669070519402138 0.002611884081891896 0.05646290372112038 -4083.6570369254896
 6.653189012936204 27.776126633349826 -5.875086444511485 0.2049641390107016 0.002728349394560554 0.05700436758072859 -4017.2823084014008
 6.692097140359433 27.143179031760123 -5.895208875795695 0.2030888797033364 0.00284442198761671 0.057537971237258526 -4007.7032737075815
 6.730263058052568 26.540526409882332 -5.9221582761073615 0.20150628329074474 0.0029592012132229387 0.058059439415220654 -3940.356617189143
 6.767670025182711 25.96171079969612 -5.955433980735595 0.1997355215704696 0.003071808649758048 0.05857161388541592 -3930.731420607948
 6.804301633817769 25.410725384987007 -5.994027804516065 0.19822072190798254 0.0031814211055187698 0.05907233139327251 -3863.1869342272735
 6.8401418161235075 24.884853129311825 -6.037531610716246 0.1964782830713923 0.003287292466142338 0.05956225792764446 -3853.9731809659747
 6.875174851411439 24.383167630430513 -6.084345687453969 0.19494155014645934 0.0033887828939375996 0.060041505468003645 -3787.001281204671
 6.909385373034432 23.90693353337023 -6.1343309483603745 0.19314540114774162 0.0034853637422685097 0.06050843381391748 -3778.59051004371
 6.9427583751270365 23.45051179157229 -6.185485557948267 0.1915003725675198 0.0035766380946379243 0.06096550138565996 -3712.9093846889064
 6.975279219187545 23.01927775218752 -6.238078102231614 0.18957764378804629 0.003662327778339761 0.06140872737694555 -3705.5949821496065
 7.0069336404989295 22.603281905922476 -6.289901055328014 0.18775474228699307 0.00374228490957833 0.06184289670905662 -3641.8390704527274
 7.0377077543858135 22.21197155955506 -6.341688110333626 0.18565179490429753 0.003816464822381136 0.06226174794753527 -3635.8028125060296
 7.067588062304754 21.831604302738075 -6.391195796221799 0.1836053562162226 0.003884931525745348 0.0626722871570455 -3574.509601285762
 7.096561457765143 21.47546361538573 -6.439586246693595 0.1812915176072317 0.003947823001918691 0.0630661188179148 -3569.8250031697107
 7.124615232078153 21.126588913217095 -6.484711775306589 0.17900053369686553 0.004005354361181128 0.06345228749068738 -3511.436811495721
 7.1517370799311815 20.801672602366075 -6.528048613668968 0.17646649411117604 0.00405778205855651 0.063820486019098 -3508.0842369975985
 7.177915104785377 20.481138666571933 -6.567642188301078 0.1739307759122281 0.0041054075058079165 0.0641815460539257 -3452.959404884787
 7.203137824093847 20.18450301015744 -6.605124771845552 0.17118385596187893 0.004148545118253192 0.06452353675301796 -3450.847073149026
 7.227394174338285 19.890196825057988 -6.638804717399839 0.1684180113181211 0.004187527421648342 0.06485876432804823 -3399.2750420406073
 7.25067351588179 19.61986327819206 -6.6703063369573545 0.16547651040517003 0.004222679620646263 0.06517401928140289 -3398.2610330569096
 7.272965637635775 19.350582709923525 -6.6982459703948205 0.16250372206476824 0.004254325860938152 0.06548271507567102 -3350.477308735257
 7.294260761538877 19.105368162799195 -6.72410150763647 0.15939186646517875 0.00428277104125809 0.06577075922631731 -3350.3893665530222
 7.31454954684594 18.86060662547726 -6.746815835719327 0.15623865564746847 0.004308307289306141 0.06605225609049199 -3306.588245301699
 7.3338230942251785 18.639907301998267 -6.767627353194625 0.1529828538436565 0.004331202378665081 0.06631267041500706 -3307.2398018023778
 7.352072949661716 18.41962578494724 -6.785795460943287 0.14967529819640946 0.004351705550607052 0.06656633860442529 -3267.58428869388
 7.369291108165793 18.223213778996012 -6.8022780394706155 0.14630179887995193 0.0043700411814903495 0.06679875773252844 -3268.786325306474
 7.385470017284026 18.027645184309737 -6.8166142671451375 0.1428632236646937 0.004386413502637542 0.06702400071435753 -3233.4155700171314
 7.400602580412157 17.85550654572062 -6.82948724858726 0.13939691905982568 0.004401003983018635 0.06722807921272285 -3234.9846883423975
 7.414682159907862 17.685010287430096 -6.840659741717392 0.1358468654969864 0.004413974944825752 0.0674242519814687 -3204.019521501468
 7.427702580002239 17.537230722729483 -6.850578883764449 0.13231083649294373 0.004425469281763173 0.06759943665355483 -3205.783035697586
 7.439658129508707 17.392197105379136 -6.859165999874609 0.12866501926396107 0.004435613191484018 0.06776536452763192 -3179.3299743029324
 7.450543564328118 17.26888873880893 -6.866686978244733 0.12508043269662614 0.004444517075257027 0.06790995423749388 -3181.129153204336
 7.460354109748992 17.149684177458496 -6.873158819987333 0.1213516146782644 0.004452277515847182 0.06804247488952321 -3159.2826607793545
 7.469085462541867 17.05094298272003 -6.878721590627086 0.11773746655422007 0.004458978401515583 0.06815185910474815 -3160.975887922116
 7.476733792846833 16.957886866688693 -6.883436342501803 0.11393935083143632 0.004464692140612141 0.06824482554905133 -3143.817180161224
 7.4832957458534395 16.883768364422806 -6.887363920254747 0.11030957523669604 0.0044694804547475665 0.06831309625159636 -3145.287875111144
 7.488768443272222 16.817137875569905 -6.890574865230105 0.10647725334795413 0.004473395000288487 0.06836353996152184 -3132.871120626887
 7.49314948459722 16.76761305622397 -6.893084319839409 0.10282143578807022 0.0044764778610750025 0.0683938583565666 -3134.069323184842
 7.496436948158912 16.727716167992067 -6.894955550734133 0.09936258839802989 0.00447876196502546 0.06841220974771905 -3126.3122650494465
 7.49862939196713 16.701616728102945 -6.89617685703607 0.0952958733051148 0.004480271513568413 0.06842100120654399 -3128.180465110117
 7.499725854343557 16.690835494885437 -6.896808562785517 0.09115454742339309 0.004481022366970534 0.0684233850872428 -3120.0822226275864
 7.502740194157274 16.667702199892062 -6.898348589727339 0.10022261782088582 0.004483102326565322 0.06842624489440353 -3121.789884082108
 7.507120274647511 16.609136356893632 -6.900796382219431 0.10847092492381931 0.004486097082165394 0.06844028463719627 -3121.5608932742716
 7.513680788509387 16.53919003162488 -6.903963482961067 0.11574457738862395 0.004490507972052734 0.06844741437261743 -3106.9338945511777
 7.5224102263723065 16.42924328884806 -6.9085382193747416 0.12343315941864384 0.004496241128939604 0.06846242514872225 -3108.9508309637454
 7.533293273835977 16.309472695328708 -6.913407236435126 0.13073330080910148 0.004503178291728383 0.06846719822498087 -3085.0576780646084
 7.546310838337064 16.14849323425532 -6.919534831557203 0.13821292312767866 0.004511180096205092 0.06848033541530998 -3087.052775814776
 7.561440082644032 15.979523661116739 -6.925566942431659 0.1454296059322375 0.004520094480770421 0.06848228243864647 -3055.4325010788502
 7.578654464921417 15.76902042473802 -6.9325532867090285 0.15271502945247753 0.004529758721929377 0.06849353167815136 -3056.6359816527306
 7.597923785293217 15.551933985904359 -6.939184319799505 0.15977980257591737 0.004540011180135717 0.06849347010984318 -3018.2869493679073
 7.619214238823742 15.29389229370249 -6.946389578100957 0.16683560580903747 0.004550690622613653 0.06850326809855978 -3018.350354735896
 7.642488474822953 15.030424527647096 -6.953194385680487 0.17369133973418516 0.004561649324405859 0.06850191433201765 -2974.0949659961852
 7.667705662372269 14.727366338983394 -6.96022801545511 0.18046834680431156 0.004572750261661371 0.0685106070846779 -2972.9029784181926
 7.694821561955871 14.420031933595576 -6.967072897478146 0.18706350586652784 0.004583877562562582 0.06850843594157971 -2923.486011478029
 7.723788603071846 14.075152552762207 -6.97394770723168 0.19351413240128604 0.004594935146307693 0.06851625118576124 -2921.0883668436204
 7.754555967687008 13.727354598633088 -6.9810641155542275 0.19980340542191208 0.004605849743091492 0.06851356933719958 -2867.2178781686507
 7.787069679389003 13.344661687839345 -6.988214154875387 0.20588980241280905 0.004616576847429178 0.06852065673579569 -2863.7953784950364
 7.82127269807927 12.96075015724251 -6.996108688618246 0.21183476235511928 0.004627093080589859 0.06851767221748814 -2806.167374488739
 7.857105020040764 12.545113736096946 -7.004173748862828 0.21752939102070934 0.0046374145180204124 0.06852413641166777 -2802.0104492063515
 7.8945037832048595 12.130286544946928 -7.0132931769041855 0.2230941782530484 0.004647578613570276 0.06852099904833142 -2741.3255401209
 7.933403377432782 11.687219986738535 -7.0226061571889815 0.228370341155742 0.004657674813136044 0.06852692056538692 -2736.813807963444
 7.973735559618085 11.247051780960096 -7.032706260648688 0.23350834020005048 0.004667819804703767 0.06852374074447622 -2673.7789085784157
 8.015429573408246 10.781956036441809 -7.04248125651065 0.23831914574579788 0.0046781919847304195 0.06852918757715183 -2669.347214160258
 8.058412273335357 10.32127781740092 -7.05172749794591 0.24294933340819932 0.00468900562257195 0.06852604302136076 -2604.6455055779697
 8.102608253138127 9.837914725114404 -7.05906605608648 0.2471973209235807 0.004700532126109741 0.06853107461204606 -2600.716482809181
 8.147939978050086 9.35890338365268 -7.0630673853076 0.2511749825385598 0.004713078655404935 0.0685280124789378 -2534.925702295538
 8.194327920821916 8.857156775570914 -7.062117507938903 0.2546821514720992 0.004726973400305534 0.06853267675939927 -2531.7896449628033
 8.241690701239264 8.35694058482483 -7.053365311630819 0.25777828334279945 0.004742554450394951 0.06852971611938267 -2465.2375604129593
 8.289945228891302 7.8305234075498795 -7.035249631711798 0.2602765685157552 0.0047600952225993936 0.06853404030325223 -2462.8758439210164
 8.339006848939523 7.299328203308328 -7.003714769971658 0.2621905534824129 0.0047798134758367805 0.06853117836138546 -2395.448484525248
 8.388789490631117 6.73486585644744 -6.958073905081246 0.26336144464792793 0.004801716059423644 0.06853515563222053 -2393.3331198820083
 8.4392058182963 6.1564837458951205 -6.893871984150721 0.26379679164252956 0.004825649160607164 0.06853237962416761 -2324.299333919445
 8.490167384564764 5.536039649187487 -6.812910038116563 0.2633894742706591 0.004851047520610984 0.06853595676558626 -2321.2594810752935
 8.541584785532415 4.892829307888072 -6.711829764673226 0.26221575944537784 0.004877069286484839 0.0685332616162002 -2249.2421191399258
 8.59336781760621 4.202015636519712 -6.59739113895214 0.260257540562175 0.0049022466468019825 0.06853633640124203 -2243.5607738629947
 8.645425635751895 3.4862369989015436 -6.469352860026981 0.25775243297604516 0.004924787271600699 0.06853374521918006 -2166.853075941408
 8.697666912867081 2.7289164141765045 -6.342274524773051 0.25481828669312395 0.004942147198354331 0.06853618532541868 -2156.8111020584056
 8.75 1.9600930300158776 -6.220749163719378 0.2519148009547199 0.004951630368249077 0.06853376494153728 -2074.2489052200885
 8.802333087132919 1.1772382443914124 -6.128828015342985 0.2493301592459524 0.0049499300466655785 0.06853545952160751 -2059.281251043778
 8.854574364248105 0.4203043418640322 -6.075560591400526 0.2476870014976275 0.0049341702181898 0.06853331698627227 -1971.718886338548
 8.906632182393789 -0.29584389680847906 -6.092480962329275 0.24742927654248906 0.0049014314804378695 0.06853426570953056 -1954.06032659963
 8.958415214467585 -0.9240936861900756 -6.18845233290817 0.24907102007220808 0.004850250341973704 0.06853250820792031 -1866.059470989211
 9.009832615435236 -1.4360651428325737 -6.394626217855315 0.25313642786948376 0.004779991323321887 0.06853294150223742 -1852.2181123203275
 9.0607941817037 -1.788378561054921 -6.710398083166294 0.2595387610292439 0.004692513828576266 0.06853158888713733 -1772.9790514586048
 9.111210509368883 -1.9528761431239188 -7.154000288407076 0.2688198839171752 0.004591079651901659 0.0685320965506249 -1773.8999385633613
 9.160993151060477 -1.906066660256161 -7.70542099065921 0.2797425561077109 0.004481666054900874 0.06853095371961007 -1716.2403357866394
 9.210054771108698 -1.6393128218539275 -8.358910292289318 0.29297158709843285 0.004371266168504394 0.06853257125131204 -1745.181960528699
 9.258309298760736 -1.1596282998862062 -9.071534683795738 0.3057934246435855 0.004268560849138818 0.06853109345140986 -1722.008422127801
 9.305672079178084 -0.4929244643045086 -9.810914030594736 0.3193432067750755 0.004182042831553285 0.06853526810630772 -1790.1963784678735
 9.352060021949914 0.32928811710792627 -10.51740101605011 0.32951223047169353 0.0041202566736147465 0.0685324880271029 -1809.2378948998141
 9.397391746861873 1.2412264723735178 -11.138418490949517 0.33831896735774997 0.0040904582203257645 0.06854085157797819 -1920.6475404071423
 9.441587726664643 2.209381149900945 -11.609276696035433 0.3407274272653246 0.004098717234571091 0.06853545554345301 -1979.232622849781
 9.484570426591754 3.127987315577847 -11.868502228265413 0.3398132891155314 0.004149374547020263 0.06854937245681571 -2126.3594003661897
 9.526264440381915 3.9897859271781444 -11.858635555580898 0.3304096189532357 0.004245018192256871 0.06853996684170889 -2208.0471044942333
 9.566596622567218 4.6480324670959074 -11.524471075895338 0.3164226627885396 0.004386425082531361 0.06855990581133836 -2370.2545186704615
 9.605496216795139 5.145773401648963 -10.82811246852311 0.29364300649772657 0.004572313532303619 0.06854543053950553 -2444.922819715578
 9.642894979959236 5.294986925985995 -9.739926538273945 0.2661564104781242 0.0047992600923273945 0.06857033449140829 -2590.9514210335738
 9.67872730192073 5.204537590608004 -8.250716929791611 0.23187345785471555 0.005061194959034306 0.06855050094649977 -2620.0752807940034
 9.712930320610997 4.652067142470457 -6.373654177157899 0.19400245510830427 0.005348791608157185 0.06857743362926119 -2715.9573188053623
 9.745444032312992 3.8162890559177054 -4.126573248091466 0.153429546551193 0.005648679718313016 0.06855298920089975 -2663.440765354226
 9.776211396928154 2.459325280211459 -1.5733661090920028 0.11125108989287744 0.0059419437593503 0.0685773192842447 -2684.3466572210223
 9.805178438044129 0.8203878085482185 1.2539676001751237 0.07163242028303818 0.006203325910352723 0.0685499648174096 -2529.5800477313674
 9.832294337627731 -1.3209318343495775 4.2404975771340325 0.03264020107345984 0.00639944021649755 0.06856623277131373 -2470.6125734650227
 9.857511525177049 -3.6842203024945164 7.353689026828211 0.0014094397539893403 0.00649004340508416 0.06853825688813528 -2218.119746135749
 9.88078576117626 -6.426116316473885 10.428770375807941 -0.027211954121038117 0.006429549478067532 0.06854171889472037 -2098.8915628529526
 9.902076214706783 -9.2514871430221 13.43799983707733 -0.04412920660018309 0.006175626014700924 0.06851575058972757 -1780.4064975876972
 9.921345535078583 -12.213000053464391 16.174601862203613 -0.05716317930957599 0.005698886731741229 0.06850447747842942 -1640.6372876265414
 9.938559917355967 -15.052458767365012 18.6247591201426 -0.05707814643439314 0.004999200898697614 0.06848392870610263 -1307.401686580939
 9.953689161662936 -17.729291654045646 20.5880558431546 -0.05321304844435657 0.004115548726446946 0.06846104236668285 -1192.134251237977
 9.966706726164023 -20.108367925776292 22.11026870308358 -0.03842959152491644 0.003130436004639487 0.06845050798161373 -897.0459187856347
 9.977589773627695 -22.109166582177483 23.098511332239298 -0.021340156724476565 0.00215546593872464 0.06842371578358923 -834.851948025312
 9.986319211490613 -23.756150666368235 23.69625860749585 0.0012776932569521172 0.0013040930362821378 0.06842478288378392 -613.9799521805579
 9.992879725352488 -24.94620257420036 23.956621619114713 0.02557034506471166 0.0006571740011451309 0.06839994307148413 -603.3778580643411
 9.997259805842727 -25.78949515929584 24.04550451755902 0.08846236743140408 0.00024317297167631433 0.06840574692680113 -475.8742815450677
 9.999451768811786 -26.180268595279774 24.055801719121416 0.1443541110761331 0.00004761595877396117 0.06839356166329667 -492.9470634879467
