 0.0005482311882135312 74.59396280453049 -0.6551649718033707 19.823599323594426 2.875259182111315E-35 1.1464805370974893E-32 -2761.1543624792025
 0.00274019415727332 74.67852496135349 -0.655652886539559 0.19430740927295825 1.4369242944451642E-34 5.895704761741132E-32 -2754.94945675564
 0.007120274647511144 74.83291809945727 -0.6606049488701043 0.18009911740537862 3.7089197757144815E-34 1.67652900924089E-31 -2783.4570590568615
 0.013680788509385776 75.05312225985976 -0.6418698559392357 0.16698093794560082 7.0341581953205684E-34 3.7084003837359117E-31 -2784.636350641382
 0.022410226372305896 75.43397335262327 -0.6316361278969934 0.16910752096302056 1.1329884750965536E-33 7.353923072004421E-31 -2813.9495260402446
 0.03329327383597702 75.77622597114782 -0.6948903366014677 0.1667540200876154 1.6520867804196758E-33 1.3981587050776629E-30 -2858.832893898387
 0.04631083833706351 76.22486152935495 -0.6231894723876216 0.15965530239691106 2.2449120914263718E-33 2.6235500467406182E-30 -2866.586906613796
 0.0614400826440323 76.89583137885172 -0.5772617607366287 0.16653364884780847 2.894913447657064E-33 4.961732221508777E-30 -2928.3499549545727
 0.0786544649214172 77.41230977561976 -0.7222357259912549 0.1673978747522809 3.602090849111752E-33 9.553115243089524E-30 -2985.608821422051
 0.0979237852932173 78.08785738637097 -0.5904513148718948 0.16433165900403812 4.3213053127188604E-33 1.8840658191872313E-29 -3006.4914214291575
 0.11921423882374141 78.99129072870757 -0.5211913581908069 0.17078632241947433 5.061584635092704E-33 3.8297226720795055E-29 -3093.942120624455
 0.14248847482295224 79.66890378411303 -0.7168442672402072 0.17168366218780623 5.795845426390338E-33 8.005756443341637E-29 -3161.8443142519372
 0.1677056623722686 80.5272798564393 -0.5395372367279258 0.17129524499227614 6.554180341992812E-33 1.7233319532291968E-28 -3198.8329793225134
 0.1948215619558712 81.56811533605642 -0.4676074949883776 0.17637762879860763 7.336589381900127E-33 3.830455205651713E-28 -3302.00040392919
 0.22378860307184567 82.35886670788194 -0.6674137056728539 0.1769296068776442 8.125016952883651E-33 8.757533474536329E-28 -3377.4248535438214
 0.254555967687008 83.3110575006994 -0.4723805692609749 0.1776615983010308 9.605575597631339E-33 2.0597129466886848E-27 -3427.981454686994
 0.2870696793890023 84.37765783753379 -0.40727364591322307 0.18126898773936084 9.539371755793028E-33 4.992056872413774E-27 -3535.563830472697
 0.32127269807926995 85.20263898760578 -0.5801460005378416 0.18159490171764958 2.4597736508470728E-32 1.243121570968484E-26 -3612.9665980732602
 0.3571050200407644 86.14647219964091 -0.3938310823943733 0.1824912432502721 -1.87477243023945E-32 3.1796521596777156E-26 -3670.6073658073647
 0.39450378320486024 87.14439296628248 -0.3385384353103714 0.18479393226069435 2.3643197479783804E-31 8.361207947088982E-26 -3772.731655205077
 0.43340337743278257 87.92968123544087 -0.47615835251028693 0.18499230723843163 -6.079077498836786E-31 2.255199020004111E-25 -3846.654486118649
 0.47373555961808467 88.79254235580774 -0.31484616656061354 0.18569784040650827 2.8892319543211215E-30 6.23504975317684E-25 -3904.7224984232644
 0.5154295734082459 89.67413186333016 -0.27116848642454955 0.1870387623765139 -7.939224898561045E-30 1.7670165099357004E-24 -3996.0654631537336
 0.5584122733353573 90.38092164754416 -0.38095475660378714 0.187185587674295 2.994896897013712E-29 5.12265636597659E-24 -4063.680858726327
 0.602608253138127 91.137930796166 -0.24979187912976947 0.18770753986956895 -7.772612699072105E-29 1.517509133933979E-23 -4118.342235756962
 0.6479399780500863 91.90128681089513 -0.21923053292656855 0.18849555544168173 2.6222358324177226E-28 4.5903062579036817E-23 -4198.467931141225
 0.694327920821916 92.52530056979107 -0.31369891418113577 0.18867999625363446 -6.313691756878987E-28 1.4148625166032077E-22 -4259.811960004226
 0.7416907012392653 93.1845639790736 -0.21104076050416526 0.18916888206727314 2.01998789712105E-27 4.437546106149511E-22 -4310.211576452876
 0.7899452288913011 93.84985553252355 -0.1945923813738859 0.1897674558108987 -4.410770777166724E-27 1.4143959130290847E-21 -4381.3508802419055
 0.8390068489395233 94.40243185402316 -0.2848054145026182 0.1900864753937009 1.419395985927827E-26 4.571634920268166E-21 -4437.8910579535
 0.8887894906311168 94.98144676561756 -0.20720947260772865 0.19070654641590812 -2.7001059166532556E-26 1.4959826439623663E-20 -4484.644434123501
 0.939205818296299 95.5697242714065 -0.20572416318881467 0.19138254866114157 9.51797140002998E-26 4.9482350568358414E-20 -4549.387275822379
 0.9901673845647623 96.06237255966529 -0.29986946888876354 0.19192652644315306 -1.4337296633258486E-25 1.6507977185965475E-19 -4602.651099808463
 1.0415847855324147 96.57449208782825 -0.2450683682878557 0.19281180024120906 6.3744927012589435E-25 5.544933011034171E-19 -4646.519767073744
 1.0933678176062092 97.09944630187339 -0.2599566831432656 0.19374494275215487 -5.475986092409836E-25 1.871988303300141E-18 -4706.692953899837
 1.1454256357518955 97.53873903140806 -0.36441963079978446 0.19459302316849916 4.472248658501705E-24 6.338382645198263E-18 -4757.689049278121
 1.197666912867081 97.99064974492148 -0.33238559838731413 0.19584838782917827 2.002358315503517E-25 2.148561288252569E-17 -4799.031095002571
 1.25 98.45934321143893 -0.3661987900425215 0.19716266963099954 3.610106106293955E-23 7.278558579466071E-17 -4855.548781947942
 1.302333087132919 98.84806807171488 -0.4869698988168389 0.1983821749993409 3.685546836012851E-23 2.459016285588202E-16 -4904.773966484078
 1.354574364248104 99.24202036990236 -0.48000955681921276 0.20009139396664335 3.266990247605316E-22 8.270591418219956E-16 -4943.508561097107
 1.4066321823937904 99.6581068573512 -0.53669639886753 0.2018774422106135 6.575785734066187E-22 2.7645365395832034E-15 -4996.603605449283
 1.458415214467585 99.99767967653102 -0.6802302673840955 0.20351588508858523 3.130524700223252E-21 9.165327811751239E-15 -5044.24513287794
 1.5098326154352377 100.33382448070954 -0.7026668545611454 0.2057355566767724 8.576528480424936E-21 3.008728366917617E-14 -5079.977307236268
 1.560794181703701 100.69980725855854 -0.7874065217526627 0.20805105629210896 3.328680620391965E-20 9.763709083880055E-14 -5129.440582869743
 1.611210509368883 100.99166409075188 -0.9606654565080467 0.21011318639481613 9.405134892069166E-20 3.1262042429021656E-13 -5175.544668410254
 1.6609931510604765 101.26896433986472 -1.0181678222834012 0.21284548083288052 3.5127286877483047E-19 9.860435320648437E-13 -5207.6713298481145
 1.7100547711086986 101.58675894748026 -1.1366182713287345 0.2156938348431567 1.0087954704215431E-18 3.0590292534346475E-12 -5252.974898754436
 1.758309298760735 101.83247030741494 -1.3461249646016127 0.21810243895047698 3.339582498582337E-18 9.317503489779809E-12 -5297.506671979798
 1.805672079178084 102.0483825828144 -1.4444703095285891 0.22124897208706154 1.0268830801231268E-17 2.7821833899801634E-11 -5325.268671049587
 1.8520600219499133 102.31858004759798 -1.6012084945352825 0.22454609621600366 2.995513532837353E-17 8.132451788004857E-11 -5365.57489265182
 1.8973917468618728 102.51920763852468 -1.850875688007482 0.2270930311633096 9.150230466393386E-17 2.3231053631036961E-10 -5408.366885404251
 1.9415877266646429 102.66899169512794 -1.9938534730849262 0.23040278665991823 2.545984949180488E-16 6.475892336168661E-10 -5430.889355131707
 1.984570426591754 102.88960626219894 -2.1898458723271497 0.23395398001559162 7.19334649895337E-16 1.7592771147423258E-9 -5465.008150427818
 2.026264440381915 103.04515163445996 -2.4775022546875576 0.23625802774980206 1.9353548009099022E-15 4.650203381641045E-9 -5505.639148532679
 2.066596622567217 103.12219600048059 -2.663827766432546 0.23929889212564556 5.056947806689432E-15 1.19426344463379E-8 -5522.060063710053
 2.1054962167951397 103.28823383368189 -2.8932217387101997 0.24282360505225295 1.280982838381381E-14 2.9762633111393202E-8 -5548.48767127651
 2.1428949799592356 103.3983951709873 -3.206646401970114 0.24432443354202693 3.1179968667415294E-14 7.18652090729014E-8 -5586.210352512098
 2.17872730192073 103.3974312755801 -3.426537849789918 0.24653266357805276 7.331983850286239E-14 1.678894595930389E-7 -5596.029290654326
 2.2129303206109974 103.50322248320806 -3.6743023596986073 0.2497818585917041 1.6533208106859254E-13 3.7902281497783056E-7 -5613.264829774049
 2.245444032312992 103.5703753429686 -3.989552607479575 0.24980901875938472 3.585074761326526E-13 8.256914179904261E-7 -5647.169866506304
 2.2762113969281543 103.49430585097117 -4.223284658238025 0.2506903265911624 7.445886307591174E-13 0.00000173308107103799 -5650.819089150593
 2.3051784380441287 103.53937244046264 -4.466634167284129 0.25363415495785757 1.4799252101409334E-12 0.0000035008982100379533 -5658.017551937317
 2.332294337627731 103.5721273398523 -4.752623006470511 0.25158858301681875 2.8147489822531196E-12 0.000006796562016788097 -5687.481961937555
 2.3575115251770478 103.43884905171596 -4.974022861971378 0.2510655918578095 5.1091032065419775E-12 0.000012656222614809059 -5686.726340409365
 2.3807857611762584 103.43397339807026 -5.188860937682175 0.2538436866358255 8.851616637156517E-12 0.00002257597111854549 -5684.307236064019
 2.4020762147067827 103.44630795173332 -5.41817570254598 0.24947154127716376 1.462053273730381E-11 0.00003849968062016929 -5709.3943125215355
 2.421345535078583 103.28874133785541 -5.602297042314848 0.24790380691076452 2.29949919017228E-11 0.0000625692273024144 -5706.931411342462
 2.4385599173559678 103.25688710293419 -5.769900722674916 0.24990006098331322 3.441921045901973E-11 0.00009670924178343096 -5696.591982789027
 2.453689161662936 103.26058609621333 -5.928654410985347 0.2432119027557031 4.895245464299326E-11 0.0001417841348716064 -5718.117097379859
 2.466706726164023 103.11904703901297 -6.057952336202435 0.24029294901275142 6.606772806259585E-11 0.00019652062625744474 -5716.278119644845
 2.4775897736276944 103.0890589763096 -6.166295767789156 0.23930519662036365 8.453251535828398E-11 0.00025725674009166827 -5700.474559746378
 2.4863192114906143 103.08778349685782 -6.253992615979392 0.23049374002042064 1.0251229781487425E-10 0.0003179592965888137 -5720.037246479643
 2.4928797253524886 103.0027879072911 -6.3180443842139455 0.22468403940732815 1.179945329300686E-10 0.00037118299999216786 -5719.399822240655
 2.4972598058427264 102.99144059262765 -6.359409202884957 0.2188314641676829 1.2924932104939285E-10 0.00041032230681121805 -5701.252389267874
 2.4994517688117863 102.99052516705491 -6.379379998697233 0.21129371795501006 1.351366245842841E-10 0.00043069124046937426 -5718.761811236346
 2.5013706080328704 102.97758557153526 -6.398355628079437 0.21320465673847366 1.4075997834357923E-10 0.0004489702196523534 -5703.37376232994
 2.5035630518410876 102.97500988486829 -6.420626273668044 0.2149256846717696 1.4755479340317317E-10 0.0004708368925342106 -5718.507605617426
 2.50685051540278 102.93291007377526 -6.453749468640228 0.22001622434997611 1.5833121011906673E-10 0.0005045788584364384 -5718.548286068932
 2.511231556727778 102.91802756173432 -6.4977691765868615 0.225668348321595 1.738608454811814E-10 0.0005507594629895815 -5703.506024948774
 2.516704254146561 102.91237934624027 -6.552506236121707 0.22663493551876007 1.9529521673895985E-10 0.0006101668673634738 -5718.767802630729
 2.523266207153167 102.82848291186504 -6.618076898924236 0.23265344686871212 2.2431062427345017E-10 0.0006834538356748426 -5718.560448876571
 2.530914537458133 102.79243456101082 -6.694019870389668 0.24027599211238537 2.6329893294429795E-10 0.0007708340217947474 -5702.7599542700045
 2.539645890251008 102.78073821633829 -6.779587085434249 0.24136798049078848 3.156406440007544E-10 0.0008729823352389906 -5718.40191192315
 2.549456435671882 102.65341558689813 -6.876969326991023 0.24842925202577443 3.861788760631995E-10 0.0009904904772741001 -5717.447376324029
 2.5603418704912926 102.58629362890221 -6.983487288439671 0.257500016853264 4.818492823732246E-10 0.0011227001327802793 -5700.244630300184
 2.572297419997761 102.5599783303905 -7.095650116493545 0.25906708161997744 6.125457494534213E-10 0.001270246516802788 -5715.726426061993
 2.5853178400921384 102.38631537826696 -7.223063422711429 0.2668551729902596 7.925994994852847E-10 0.0014338513333345538 -5713.449808781154
 2.5993974195878433 102.27777994563098 -7.357199243707123 0.2766348430133978 1.0428964818874134E-9 0.0016119547892865164 -5694.347448465892
 2.6145299827159736 102.22412587468283 -7.488652768966682 0.27870892361915833 1.3936672839011141E-9 0.0018054112244206568 -5708.642765618499
 2.6307088918342068 102.00023633769875 -7.6418083139652575 0.2867248665697904 1.888981889824625E-9 0.0020150695670179135 -5704.506827172863
 2.647927050338284 101.83979340724227 -7.7973869757249075 0.2965463189471327 2.5937152076911218E-9 0.0022385963452929846 -5683.129304640349
 2.6661769057748215 101.74392255873778 -7.9376076586416096 0.2991127084219516 3.6023664811606555E-9 0.0024773005283005804 -5694.936727316865
 2.68545045315406 101.46594721159411 -8.10859012736844 0.30691096221350533 5.051745995222388E-9 0.0027319905432872603 -5688.544971416653
 2.705739238461123 101.24415881716043 -8.275228656241184 0.3162581158481541 7.141997454593455E-9 0.002999744613801999 -5664.772178573067
 2.7270343623642246 101.09149481035726 -8.41127201965961 0.3192989779157815 1.0162034430103375E-8 0.0032824506866144056 -5672.819203903678
 2.7493264841182095 100.75682522943414 -8.588233644943257 0.3265890325525175 1.4519914743466839E-8 0.0035807181419132165 -5664.018100460976
 2.7726058256617154 100.46698632048152 -8.751869175843416 0.3351012399957379 2.0797158114935107E-8 0.0038912156068079467 -5638.131351366529
 2.796862175906152 100.24578189218342 -8.87003864272572 0.33854464783223415 2.981085145701875E-8 0.00421638547910884 -5641.5042311360285
 2.822084895214622 99.85394166605033 -9.038339012751614 0.34516219708745854 4.266718388210079E-8 0.004556583671384031 -5630.467616215356
 2.8482629200688185 99.49324413554223 -9.183517554953767 0.3526095317461551 6.08758909346585E-8 0.0049082290858240745 -5603.186819332557
 2.875384767921848 99.19635330188976 -9.2716058602048 0.35629576816291 8.647361695540968E-8 0.005274166269968986 -5601.578540694691
 2.9034385422348565 98.74885709979989 -9.41643638131472 0.3621372452717912 1.2207230324099368E-7 0.0056545391490708955 -5588.8082909251325
 2.9324119376952456 98.31815338789191 -9.529546678605321 0.3683899719407835 1.71056275429463E-7 0.0060456671586627785 -5561.143804488731
 2.9622922456141856 97.94326202985856 -9.578919979416732 0.37208841768221684 2.3778644464534403E-7 0.0064505731889026325 -5554.909971841496
 2.9930663595010705 97.44240700656408 -9.688406265194 0.37707256236651077 3.275436745799023E-7 0.0068692773178037105 -5541.114914561933
 3.024720780812455 96.94466089258275 -9.760402236563817 0.3820783300085407 4.4682591307959636E-7 0.007298141775723016 -5514.094381324056
 3.0572416248729635 96.4929937453626 -9.76717773072103 0.3855382636628539 6.03655519690364E-7 0.007740134540396817 -5504.093883362189
 3.090614626965568 95.94032665524144 -9.834598258006391 0.3896043416701418 8.072444335230379E-7 0.008195243183433438 -5489.994241204704
 3.1248251485885614 95.37872063060483 -9.862192295894392 0.39337552993913316 0.000001068426152395402 0.008659996141661493 -5464.403473132199
 3.1598581838764925 94.8531298283388 -9.827253623044395 0.3963804355680257 0.0000014001171653467485 0.009137111006749285 -5451.718856386255
 3.1956983661822314 94.24850577407906 -9.851662631445176 0.3995040956687218 0.0000018165073464099293 0.009626614459023894 -5437.870360080877
 3.232329974817289 93.62521259446063 -9.836950316124675 0.40211039641089924 0.000002333683616767525 0.01012529186794961 -5414.113975524507
 3.2697369419474325 93.02869841952082 -9.765080371112049 0.40451471751623624 0.0000029703394975231332 0.010635477257166672 -5399.786843519088
 3.307902859640566 92.37036115869712 -9.750518990285673 0.4067217897173935 0.0000037463264128008376 0.011157282276490722 -5386.491133727867
 3.3468109870637957 91.68637550505973 -9.699631790145096 0.4082822812755333 0.000004683503725115581 0.011687799795733592 -5364.593396750715
 3.386444257826506 91.02154555978224 -9.598231618594324 0.4100244890570504 0.000005806833467165347 0.012228913165188591 -5349.460030282069
 3.4267852874662497 90.30704680510449 -9.552161157503845 0.4113933580620872 0.000007142153673880346 0.01278084190029189 -5336.770227436163
 3.4678163810741434 89.56284624229934 -9.47360157937495 0.4120648607767367 0.000008717238482512729 0.013340998788558218 -5316.473432120917
 3.5095195410564397 88.83218783712712 -9.351361345581905 0.4131606566316809 0.000010563469970910718 0.01391080528312614 -5301.111920813361
 3.5518764750288687 88.05963958362807 -9.282924200808102 0.4138127595241435 0.000012712604275389263 0.014490594359362457 -5288.902078639471
 3.59486860384028 87.25616660646466 -9.186011084095055 0.41377417690795454 0.00001519807280316781 0.015078082217515726 -5269.801578898554
 3.6384770697220743 86.4626934086839 -9.051736232955417 0.414297285437598 0.000018057494895324194 0.015674256299668128 -5254.556884087222
 3.6826827445598416 85.63186011100882 -8.970232048608327 0.41437978693048944 0.000021327896202010797 0.016279557056751968 -5242.613515675046
 3.7274662382835873 84.77136935781391 -8.863862045716637 0.41381435197173394 0.000025047600313993705 0.0168919707144953 -5224.280714871322
 3.772807907372856 83.91922139513039 -8.725555578920442 0.41387234619420243 0.000029259891426103315 0.017512100234683782 -5209.325067137849
 3.818687863473029 83.0321580907448 -8.63931932358382 0.4135383344023157 0.000034005575006300783 0.018140480893228138 -5197.427913262086
 3.8650859821190133 82.11867983242112 -8.531119555567582 0.41261681824734237 0.00003932650182076577 0.018775329652427033 -5179.495050252902
 3.9119819115624996 81.21343858216528 -8.395370795742474 0.41232794926597693 0.00004527062719026105 0.019416921665533934 -5164.8917951566
 3.9593550816989085 80.27461014203679 -8.311104227110901 0.4117189007240661 0.00005188004677287306 0.02006587166323597 -5152.86672524684
 4.007184713090121 79.31399123838511 -8.206978666168393 0.41058670113361084 0.000059198223014774235 0.02072058995277629 -5135.067609185507
 4.055449826079023 78.36266372403422 -8.078667863061536 0.41006166366973973 0.00006727644576533102 0.021381077702267916 -5120.821651499441
 4.1041292499918836 77.37864571428827 -8.001187628900693 0.40929522821334674 0.00007615469392206444 0.022048013953256226 -5108.562814466801
 4.153201632424501 76.37826521459881 -7.905207438725051 0.4080650302026541 0.00008587582082818124 0.02271997110141279 -5090.736839003932
 4.202645448608086 75.38901393871909 -7.787488591020817 0.40739537025724154 0.00009649298372167916 0.023396721791658703 -5076.826607412011
 4.252439010850726 74.36794733321211 -7.7197966568013445 0.4065594193417292 0.00010804007018974388 0.024078996384783943 -5064.294032495217
 4.302560478050328 73.33625209918387 -7.634344463821495 0.40530945923134215 0.00012055719652113361 0.024765505671051024 -5046.366410511029
 4.35298786527485 72.31798926126915 -7.528827887262247 0.4045623674878958 0.0001340980928515832 0.0254558288398236 -5032.75904838842
 4.403699053405612 71.26895441273803 -7.4723822854549065 0.4037144630068487 0.0001486865500607359 0.026150737705784556 -5019.9613761078
 4.454671798839481 70.21494416417943 -7.39844134806128 0.40249108882877876 0.0001643583626062518 0.026849065120116596 -5001.912363360954
 4.505883743245645 69.17689374556402 -7.305479394424338 0.4017090566072459 0.00018116703467313557 0.02755022157031565 -4988.566547790873
 4.557312423372716 68.1093193203863 -7.260546714880408 0.4008795265035887 0.00019912282490610933 0.028255013806621116 -4975.537849624288
 4.608935280901857 67.04206537082612 -7.198033460402523 0.3997021754598877 0.00021825657205648853 0.028962387038409157 -4957.370318574011
 4.660729672341605 65.9933584752906 -7.117021569636362 0.3989055751043183 0.00023862154444337196 0.029671598383874804 -4944.231229203835
 4.712672878960053 64.9165229286479 -7.083020049524148 0.39810228143973053 0.00026021217285719157 0.030383486118137928 -4931.008003376057
 4.764742116750039 63.844758390871434 -7.031085780625825 0.39696916160671886 0.00028305498464038597 0.0310971042745586 -4912.718390719786
 4.816914546422964 62.794089622876854 -6.960717420546317 0.3961600635884077 0.0003072040626354521 0.03181156321922125 -4899.708177241954
 4.869167283426858 61.716726739732444 -6.9364969514611925 0.39537341527116443 0.0003326373741731698 0.0325277320499577 -4886.309351043664
 4.9214774079843036 60.648511574288996 -6.8937582803363116 0.39426675230191205 0.000359379349016953 0.033244776544486265 -4867.863222558543
 4.973821975145803 59.60385737438633 -6.832202496161262 0.39343285141260625 0.0003874873295932886 0.03396165807017519 -4854.8687306810525
 5.078522592015696 57.4762930844161 -6.780929530469801 0.3915306034753024 0.00044771705073736893 0.03539692520192829 -4822.58976760258
 5.130832716573141 56.4446779126889 -6.725925199120598 0.39064870931656404 0.0004799303239716683 0.036113398834984614 -4809.447862244367
 5.183085453577036 55.38880492907797 -6.716458241545045 0.389818249486885 0.0005135169454289778 0.03682963695413335 -4795.6024144915245
 5.235257883249961 54.34782431128665 -6.686492851332101 0.38866791116576194 0.0005485124041658962 0.037545071520203886 -4776.511166104687
 5.287327121039947 53.33511783505087 -6.635375831090263 0.38770698754990207 0.0005849968884623714 0.038258314506666585 -4762.991282996492
 5.3392703276583955 52.29884142292869 -6.630468814039877 0.38680062730706105 0.0006229215326823489 0.03897034566250371 -4748.761811809238
 5.391064719098143 51.278935197050835 -6.60351016656708 0.3855668275885665 0.0006623417518431271 0.03968077698852196 -4729.014217234399
 5.442687576627284 50.289681511922446 -6.553218860557844 0.38449116162064223 0.0007033652252855889 0.04038798699079062 -4714.798543958701
 5.494116256754355 49.276959551892055 -6.550874944921137 0.38346848289700153 0.0007459560143468855 0.04109300438183305 -4699.978073515443
 5.545328201160519 48.281036451831525 -6.524406584333591 0.3821076470420635 0.0007902060060825616 0.041795679218650086 -4679.200409225881
 5.596300946594388 47.3183736211313 -6.471558830587114 0.38088150179754277 0.0008362690356292002 0.04249408281463896 -4663.865312222828
 5.64701213472515 46.33159118119032 -6.469945464550766 0.37970575255229416 0.0008841426284545352 0.043189301053144495 -4648.1565160926975
 5.697439521949672 45.36097659479437 -6.4415267329891 0.37818108902231784 0.0009339764440313761 0.04388150975256701 -4625.834930021197
 5.747560989149274 44.42681147123505 -6.382716882653672 0.3767767880312581 0.0009859929488792699 0.04456836115557807 -4608.843382409199
 5.797354551391914 43.46703132803639 -6.38065236526561 0.37542533904722153 0.0010402435746214086 0.045251008700174074 -4591.858855685958
 5.846798367575499 42.52191127214416 -6.348476242012911 0.3737196902605295 0.0010969525360432974 0.04593007762715026 -4567.337359735439
 5.8958707500081164 41.61761572571231 -6.280947042210177 0.37213018616270627 0.0011564237419910033 0.04660264478791464 -4548.059587663518
 5.944550173920977 40.685439574542436 -6.278714128969958 0.37060960817144817 0.0012187637914103176 0.047269947142645034 -4529.349821961698
 5.992815286909879 39.76602288894857 -6.242513323994496 0.3687424231027193 0.0012842604323568822 0.04793321732744909 -4501.871025250426
 6.040644918301091 38.89384397578254 -6.165208586055085 0.36699531520274054 0.0013532745534380326 0.048588762861690234 -4479.654008023629
 6.0880180884375 37.991020920539654 -6.165521102625211 0.3653558691762057 0.0014259195737065296 0.049237929818156535 -4458.78028861332
 6.134914017880986 37.09940853207848 -6.127571402899314 0.36339647268519826 0.001502477720344304 0.04988273420252926 -4427.59353862583
 6.181312136526971 36.26435163525225 -6.042225714146133 0.36155983541753584 0.0015832773711766997 0.05051851166392109 -4401.890905356061
 6.227192092627144 35.395731523967726 -6.05079233216836 0.3598974586072438 0.001668321218729425 0.05114675103567761 -4378.548862781412
 6.272533761716413 34.53782437919512 -6.016377970107315 0.3579606189139716 0.0017577503076025085 0.05177041365386436 -4343.091104837714
 6.317317255440159 33.7490683620466 -5.927919979006872 0.35612761202311505 0.0018517120321757783 0.05238370419394254 -4313.637684946442
 6.361522930277926 32.92379385156057 -5.952815361975963 0.35456072959679685 0.0019499389817985934 0.05298828106921425 -4287.809020942821
 6.405131396159719 32.109940300875415 -5.929388628367574 0.35277314807621024 0.002052275969782823 0.053588160489265825 -4247.92161887291
 6.44812352497113 31.380427898855416 -5.844914276303894 0.3510199854529402 0.0021585493925219473 0.05417636156009848 -4214.898073085414
 6.49048045894356 30.611037073580498 -5.894291785845605 0.34964051892432085 0.002268109054598036 0.054754701059457955 -4186.973436745173
 6.532183618925856 29.85423263558512 -5.889054992706284 0.3480833262209933 0.002380430518654749 0.055328279034803855 -4143.071293616428
 6.5732147125337494 29.197646491545875 -5.8152953362122926 0.3464149272257846 0.002494994203428767 0.055889022418555485 -4107.177993055688
 6.613555742173494 28.496641343149644 -5.894006398733333 0.3452350029337168 0.0026108042082344045 0.056438816741864364 -4077.97958284745
 6.653189012936204 27.808397145370318 -5.910765963118622 0.3438905121946877 0.0027270645773438667 0.05698379300301202 -4031.075404568962
 6.692097140359433 27.23441925723191 -5.851162374247869 0.3422075780791274 0.0028430610898955116 0.05751502857169979 -3993.4529598958743
 6.730263058052568 26.609692774615734 -5.958038622482398 0.34113869784718165 0.002957662442723163 0.05803427934840023 -3964.1176801162437
 6.767670025182711 25.99560711108047 -5.995170194400398 0.3398784871727689 0.0030700522660084637 0.05854860788402155 -3915.657112356258
 6.804301633817769 25.506084775186228 -5.948419427354997 0.33799639086447764 0.003179587027013239 0.059048588770078916 -3877.663100249287
 6.8401418161235075 24.957970121328866 -6.076094815581769 0.3368842457764109 0.0032852785940962314 0.05953554158595877 -3849.4204228853687
 6.875174851411439 24.415823082842195 -6.127106649849615 0.33551152737341 0.0033865573868888227 0.06001737941091064 -3800.986110455736
 6.909385373034432 24.00435648650406 -6.0882568658368195 0.3332264589930151 0.0034830753738406763 0.06048455398456566 -3763.9208347217345
 6.9427583751270365 23.526253914271397 -6.2257892369793995 0.3319237915640417 0.0035741771656054356 0.060937565688536324 -3737.8615321784036
 6.975279219187545 23.047826047311226 -6.282129983015931 0.33024043779177326 0.003659675538213574 0.06138518154346277 -3690.879037932414
 7.0069336404989295 22.70289893419209 -6.245395578981359 0.32740074406858455 0.0037395858158584317 0.061818075206232906 -3655.7776743105915
 7.0377077543858135 22.284808531860993 -6.381907072521769 0.32583092811110564 0.00381360846690072 0.06223550957390551 -3632.7053221705287
 7.067588062304754 21.85991884938546 -6.436066964634168 0.3236819068903535 0.0038819030970060116 0.06264722833587594 -3588.266329458231
 7.096561457765143 21.569240832131296 -6.397421316270764 0.3202228988030577 0.0039447657270723835 0.0630443913488681 -3555.820351212697
 7.124615232078153 21.201674643962594 -6.524588501512082 0.31839922793435177 0.004002153200288265 0.06342460211448213 -3536.2138222518297
 7.1517370799311815 20.821824967380035 -6.571784749549971 0.3156721731878431 0.004054435422425191 0.0637988113689305 -3495.045557069253
 7.177915104785377 20.575361503838476 -6.530076529174024 0.3116079989497371 0.0041020444163986924 0.06415883252055117 -3465.6381973956063
 7.203137824093847 20.251605443967396 -6.64267631308512 0.3096091623973787 0.004145065208509657 0.06450022083413727 -3449.690453669186
 7.227394174338285 19.911747178898622 -6.68087610214281 0.30620452134371456 0.0041839337605436115 0.06483540745297811 -3412.224791718665
 7.25067351588179 19.702567056827053 -6.637571524732027 0.3016017642363315 0.004219092624530189 0.06515693798550139 -3386.0267012367067
 7.272965637635775 19.418977269181532 -6.732727536108732 0.2995242794561874 0.004250661972564376 0.06545804607314509 -3373.7057066367015
 7.294260761538877 19.117587699689683 -6.761800620461849 0.2953313123803203 0.004279043871731535 0.06575281722804639 -3340.182027222698
 7.31454954684594 18.9411924728544 -6.72008427018335 0.29029335596628536 0.004304617326009031 0.06603455339474218 -3317.2636921387875
 7.3338230942251785 18.696363926410505 -6.7962636336141244 0.2881977037247504 0.004327493432035756 0.0662941778854786 -3308.357761082035
 7.352072949661716 18.4347495456066 -6.817094066836618 0.2831139037897542 0.004347991844466509 0.06654723862654133 -3278.914471018297
 7.369291108165793 18.28798794788882 -6.780836748279713 0.2777901007977077 0.004366400365039118 0.06678784836621451 -3259.3602795396064
 7.385470017284026 18.081754892650643 -6.837331626822989 0.27564565240327876 0.004382810390621847 0.06700515826139959 -3253.495350338079
 7.400602580412157 17.86320378048678 -6.851274824170353 0.2696715411995113 0.00439744874966365 0.06721520518001582 -3228.233382732937
 7.414682159907862 17.743565052721458 -6.82395167221714 0.2642753067739434 0.004410514302902542 0.06741313944631441 -3212.2541666229827
 7.427702580002239 17.576370283807947 -6.861164026931213 0.26191429213245626 0.004422082025947931 0.06758743142391106 -3208.8918741208627
 7.439658129508707 17.405036110697136 -6.869841031858078 0.2553233388355062 0.0044322988904592535 0.06775232102656548 -3187.911804431663
 7.450543564328118 17.310653875823572 -6.853347419568639 0.25009901582679167 0.00444129322101671 0.0679041958820354 -3175.9220654334285
 7.460354109748992 17.183309650126873 -6.873677065995261 0.24724854702206978 0.004449128160947633 0.06803163854804282 -3174.371812745999
 7.469085462541867 17.06226640266001 -6.878813879867677 0.24071642373388463 0.0044558944189901336 0.06814373291331066 -3157.7844250153394
 7.476733792846833 16.992608389885042 -6.872333454976945 0.23585979476511298 0.004461671954627003 0.06823856159120047 -3150.3477956861084
 7.4832957458534395 16.906250980719015 -6.880608333332035 0.23239089523343626 0.004466511191501205 0.06830735579949301 -3149.8500108924304
 7.488768443272222 16.834896721375227 -6.883560636629335 0.226820797141709 0.004470465871390327 0.06835622862619017 -3137.8007284791656
 7.49314948459722 16.791940406251776 -6.883239025059269 0.22243836734901012 0.004473581337749594 0.06838979762877742 -3135.2486141568093
 7.496436948158912 16.748540044737222 -6.885445466814138 0.2184620611285204 0.004475888887097299 0.06840772648557068 -3135.152872870985
 7.49862939196713 16.720377239406833 -6.886503032111062 0.21345588396525605 0.004477413568851529 0.06841582650691734 -3129.1827682278085
 7.499725854343557 16.71151672465285 -6.88690267234621 0.21134720626463827 0.004478172088222353 0.0684187547933048 -3125.135545038601
 7.502740194157274 16.683632691610597 -6.888017021219021 0.22082171462979627 0.004480273778975741 0.0684244339938654 -3129.2855963565426
 7.507120274647511 16.635840861613847 -6.888949723082039 0.23130391336503864 0.004483302740926498 0.06843283515941057 -3119.418397672098
 7.513680788509387 16.562632823856934 -6.899096957244402 0.24171969244485478 0.0044877616930865775 0.06843890106622941 -3119.049896390602
 7.5224102263723065 16.443448486186906 -6.903329943102343 0.24760888732591296 0.004493554493129456 0.06844940774951717 -3107.388308321424
 7.533293273835977 16.34604513569324 -6.887986877591144 0.25656524439459927 0.004500581617366544 0.068458958524404 -3092.094805993212
 7.546310838337064 16.194375251595424 -6.923598852570254 0.267705142096616 0.004508658587643117 0.06845966287204736 -3089.179419138498
 7.561440082644032 15.983009954385311 -6.934044827457431 0.27369190483046835 0.0045176413436035885 0.06846664830449016 -3067.020605227322
 7.578654464921417 15.833054184764492 -6.893341596298662 0.2813254885046762 0.004527437826151075 0.06847389616603775 -3047.341231295508
 7.597923785293217 15.600056465801329 -6.953954353285778 0.2916931824175051 0.004537738264937149 0.06847245862788293 -3039.5376170579198
 7.619214238823742 15.310124304707822 -6.966345890699137 0.29795333120540285 0.0045484461031109055 0.06847770912173218 -3009.6082354741666
 7.642488474822953 15.098867937665078 -6.908470684450633 0.30496853722536393 0.004559543858982179 0.0684825193071998 -2986.129595186005
 7.667705662372269 14.789249399698676 -6.983399395333789 0.31408666952269965 0.004570624629739715 0.06848111973232596 -2972.497215625137
 7.694821561955871 14.43484241046568 -6.993780649068999 0.3202949581243636 0.004581714475751936 0.0684861629756876 -2937.184128528905
 7.723788603071846 14.159076724876615 -6.929518821447057 0.32686141509314715 0.004592901203927598 0.06848897197406781 -2910.192003895099
 7.754555967687008 13.78269435587672 -7.009203078115359 0.334776164352645 0.004603729910460457 0.06848783361830021 -2891.085648465691
 7.787069679389003 13.37520936903349 -7.017574787223221 0.3406536283151097 0.004614371582577594 0.06849294400718305 -2852.0831319101735
 7.82127269807927 13.039473260398317 -6.954523954960638 0.3466542543295259 0.004625026050382346 0.06849438006030736 -2822.168246851166
 7.857105020040764 12.608687802420729 -7.034184725871304 0.353453623806564 0.004635236292611782 0.06849329419947814 -2798.594845621337
 7.8945037832048595 12.159340423477529 -7.04230449794062 0.35875747448809414 0.004645321081026458 0.06849838754900914 -2757.3007205626736
 7.933403377432782 11.773833968569686 -6.98476017194771 0.36403784954089125 0.004655605543643545 0.06849899220711562 -2725.3827481897983
 7.973735559618085 11.30233193005384 -7.061557276009012 0.3697766433971561 0.004665686393698017 0.0684978139822586 -2698.6442403638675
 8.015429573408246 10.822599702964359 -7.069244223923005 0.3743063136523339 0.004676047786980667 0.06850282545077774 -2656.394260926007
 8.058412273335357 10.39884413487543 -7.01630301252594 0.37872346085064257 0.004687167189945832 0.06850296677296724 -2623.574358373359
 8.102608253138127 9.897505797226554 -7.084216878402786 0.38337942182235984 0.004698739361149505 0.06850162618616203 -2595.0185903096067
 8.147939978050086 9.394032869543429 -7.084806265931215 0.38689112681099114 0.004711404069644156 0.06850650513772871 -2552.940618918843
 8.194327920821916 8.93662141219808 -7.026351450680199 0.3902150969560638 0.004725752358016115 0.06850636288024409 -2520.1190429194885
 8.241690701239264 8.404361003416291 -7.071827621630154 0.39357346925688486 0.004741488647375796 0.06850475862497774 -2490.691092939021
 8.289945228891302 7.868675120794742 -7.0491116903933655 0.39568092715100234 0.004759233322875454 0.06850942510472897 -2449.0793749314803
 8.339006848939523 7.364893307044253 -6.964042090226925 0.3974962705458617 0.0047794329677717014 0.06850890556296652 -2416.1886610333
 8.388789490631117 6.7792738345784205 -6.967891548451571 0.3991523389180919 0.004801416799237751 0.06850699816283559 -2385.6915438890505
 8.4392058182963 6.181012106827256 -6.9011264740908675 0.39937110367780054 0.004825317981453608 0.06851111341733267 -2343.047177231599
 8.490167384564764 5.59967419814938 -6.766389643276588 0.39927350589733374 0.004850878868892217 0.06851020792597554 -2308.1727739815155
 8.541584785532415 4.923520461617482 -6.720043840561731 0.3989147966304035 0.004876364895630929 0.0685076129158393 -2274.6538279553215
 8.59336781760621 4.225999880078371 -6.605377842152387 0.3971562502774458 0.004900768772696847 0.0685116664242881 -2227.385882660433
 8.645425635751895 3.54551809192723 -6.425124390861872 0.39531994695961487 0.004922501885896262 0.06850905869069104 -2186.8330087779013
 8.697666912867081 2.7704342532864508 -6.364362141843177 0.39348622670737227 0.004938276744944795 0.06850833869049557 -2147.495865141269
 8.75 1.9876947836841896 -6.25371988059519 0.39085136688067845 0.004945775991585697 0.06851200271962712 -2092.128822170155
 8.802333087132919 1.2634105078635942 -6.103682147707949 0.38886181994592905 0.004942366539538399 0.06850585903696188 -2043.5874033187672
 8.854574364248105 0.4905261992845474 -6.1407812538992985 0.38758019809720407 0.0049242582696876576 0.0685097002832124 -1998.7091817260418
 8.906632182393789 -0.22987155242464014 -6.166889549040906 0.3867851900974168 0.004889581045425818 0.06851066313410352 -1938.4242674822829
 8.958415214467585 -0.800601292626861 -6.210393483230831 0.3874538007488936 0.004837208560213387 0.06850568811008435 -1887.8865799792075
 9.009832615435236 -1.3124337818336969 -6.499491767012902 0.38954230333079853 0.0047665975380320426 0.06851263431199256 -1847.021058172616
 9.0607941817037 -1.6805148310165754 -6.816862702741198 0.3932539181319539 0.004679953050594883 0.06851349697766965 -1799.2500313209007
 9.111210509368883 -1.8105636627296569 -7.2109056729517995 0.398149301109569 0.0045811873604011365 0.06851482465732009 -1766.7612714576153
 9.160993151060477 -1.775513564649287 -7.7938340600977005 0.40433094029749606 0.004476192449386323 0.06852257215782001 -1750.9454958448662
 9.210054771108698 -1.5233899344905626 -8.415456586878204 0.41158221048597965 0.004371850759070838 0.06852549375116719 -1744.1466286612
 9.258309298760736 -1.0960103766413833 -9.108872049771906 0.4177260533625914 0.004276926274977448 0.06853356249934628 -1761.9031897282737
 9.305672079178084 -0.4403542636864125 -9.7874413377766 0.4247797934772689 0.004198725898036303 0.06854126492337262 -1787.010638204195
 9.352060021949914 0.3274822689849297 -10.344951512771296 0.4299012356426442 0.004146864021984176 0.06854721430008628 -1852.6395712523165
 9.397391746861873 1.0818807191036137 -11.02711901180749 0.4322550244540612 0.00412487164195553 0.06855551204154153 -1920.0893748206888
 9.441587726664643 2.04899362429302 -11.327496886292602 0.43591246711227516 0.0041424918802542765 0.06856451957441771 -1998.284200199347
 9.484570426591754 2.963563997455214 -11.716315200804091 0.4291994380627622 0.0041993094902976705 0.06856835963041161 -2105.3846079327177
 9.526264440381915 3.664779897375457 -11.62605459024304 0.42004487198090457 0.0043014495850457685 0.06856756883540187 -2238.7217703527963
 9.566596622567218 4.258366488766571 -11.048196224643679 0.4152876669246021 0.0044473415393980606 0.06857573995494913 -2329.3323967131746
 9.605496216795139 4.787087844960336 -10.539602904847587 0.39843568138976027 0.004634146654760945 0.06857128225363122 -2436.2634126559806
 9.642894979959236 4.908063097761557 -9.427134032368272 0.3786391329648039 0.004860727134231935 0.06855123969680654 -2546.591618366151
 9.67872730192073 4.731617784305347 -7.864085552962654 0.36314295121089424 0.005119995460982559 0.06855924565079814 -2597.919709433882
 9.712930320610997 4.298933081622063 -6.101008687427928 0.34320813395215455 0.005401030003744466 0.06853502468915208 -2633.483704808863
 9.745444032312992 3.5253977040214566 -3.8769606519661224 0.3167786077959543 0.005692333876771575 0.068505347147053 -2627.5980703875116
 9.776211396928154 2.2721253267148174 -1.602049461902106 0.29422177653304166 0.005974173530867272 0.06850649510163581 -2598.787061946479
 9.805178438044129 0.48879315166566234 1.367451011333679 0.2787818575208688 0.006221482582806845 0.06846849730094356 -2507.5901855210823
 9.832294337627731 -1.192526704584849 4.292753363302921 0.25142730994547624 0.006401915332467819 0.06843933997827918 -2328.187546724987
 9.857511525177049 -3.5225978167822216 6.753620379833098 0.22465463271303604 0.006475202807984426 0.06844210076092286 -2229.9287238416237
 9.88078576117626 -6.614550796416701 10.322919698629164 0.21881710622491907 0.00640054621977301 0.06840145456365225 -2021.2504404602769
 9.902076214706783 -8.83820266187269 13.15401516208277 0.19527535549327313 0.006133361097086819 0.06837295363458352 -1700.9295404902373
 9.921345535078583 -11.69533009952749 15.227961767391772 0.1670853184229533 0.005648485372626032 0.06840141081666115 -1598.6111150344966
 9.938559917355967 -15.217431305072873 18.197206873652274 0.17493266324336287 0.004949422976699935 0.06836028187004291 -1351.8259497657143
 9.953689161662936 -17.27159029169017 20.008399280535414 0.15947926128240703 0.00407003720046928 0.06833014726153139 -1018.9568258849606
 9.966706726164023 -19.520913431251213 21.10286927262842 0.13636616139669067 0.0030940539352907227 0.06838850502175835 -968.9482209644876
 9.977589773627695 -22.09553539249074 22.392635295142004 0.15481204271833296 0.0021307347992395496 0.06836834727102999 -795.4353065208967
 9.986319211490613 -23.437812835077246 22.917875886457082 0.1568032609291448 0.0012896675395684533 0.0683435028357473 -570.0368797336266
 9.992879725352488 -24.44036219105045 23.098974295353845 0.14998840845277556 0.0006503763002491427 0.06839113424820041 -562.5859461723124
 9.997259805842727 -25.465023571430468 23.213846804328526 0.20924536779570482 0.0002408126061793709 0.0684001201727953 -544.9731507691761
 9.999451768811786 -25.809384219068846 23.22720235723821 0.2612285726441607 0.000047167655445376025 0.06839151863932247 -373.4930176788099
