 0.0005482311882135312 74.59669095264324 -0.7040006778150011 19.686472999096317 -4.831281781879602E-35 1.2541692729081965E-32 -2758.679407041331
 0.00274019415727332 74.67921991008028 -0.7039338446785073 0.06704914282122765 -2.4036508485614135E-34 6.478633820979683E-32 -2759.1949695213666
 0.007120274647511144 74.843993039253 -0.7049066605715122 0.06821312652405473 -6.18404068080589E-34 1.8464436435961678E-31 -2777.2809013741494
 0.013680788509385776 75.08751725108152 -0.702905422827275 0.06906895575648374 -1.1675950287847617E-33 4.084391743573044E-31 -2790.5417578932625
 0.022410226372305896 75.42264749207581 -0.7027595942161866 0.0700494650231845 -1.871763164701345E-33 8.099529525678797E-31 -2818.991970167786
 0.03329327383597702 75.82465935134792 -0.702963801008954 0.07095594008867284 -2.7053297187564454E-33 1.5346663036454314E-30 -2848.509387872524
 0.04631083833706351 76.31393584795741 -0.6986248719655118 0.07186119189339087 -3.641211301107118E-33 2.8739748627312957E-30 -2885.5423450803573
 0.0614400826440323 76.88078479913582 -0.69502267109336 0.07268426982425534 -4.637278194219891E-33 5.421242997793845E-30 -2929.306434511063
 0.0786544649214172 77.51319719485313 -0.6919434272551243 0.07345022185753965 -5.6724655393280306E-33 1.041869075749806E-29 -2978.899452630216
 0.0979237852932173 78.21888959101123 -0.6819273735150518 0.07416523916174136 -6.69561582228375E-33 2.0528199339243234E-29 -3032.7097768307412
 0.11921423882374141 78.98930844028483 -0.6718776490389895 0.07482404814148783 -7.727793901853784E-33 4.160995667311687E-29 -3094.55420731738
 0.14248847482295224 79.80703881452892 -0.6611229930698607 0.07536145807251322 -8.708814467276032E-33 8.688760688835264E-29 -3159.2604953638906
 0.1677056623722686 80.67737126975562 -0.6426927795240642 0.07584659749016087 -9.575482942250288E-33 1.8699448273313315E-28 -3228.854966874402
 0.1948215619558712 81.5843385699199 -0.6230725426628655 0.07623057612862995 -1.0261595484938241E-32 4.146873477904466E-28 -3302.9821086147435
 0.22378860307184567 82.51160933599937 -0.6022885995911564 0.0764828851979695 -1.1236597519284279E-32 9.472324854421673E-28 -3379.2470113203844
 0.254555967687008 83.45877619628655 -0.57458405737038 0.07664155478428228 -7.318533788671496E-33 2.227396166250694E-27 -3457.120778689641
 0.2870696793890023 84.40967113768092 -0.5457989649372597 0.07670409320999189 -3.280099436534511E-32 5.3890429636597984E-27 -3537.7822422651357
 0.32127269807926995 85.34958630279914 -0.5168095780205464 0.07662857594253734 1.1726505948887782E-31 1.3407203461019695E-26 -3617.103192909146
 0.3571050200407644 86.2792176273116 -0.48343195682067375 0.07648121582383582 -5.79331764333833E-31 3.42773530441775E-26 -3696.547507796376
 0.39450378320486024 87.18526028145934 -0.45051152492833596 0.07626054897530042 2.4765172043010893E-30 9.00005739688846E-26 -3775.381227947506
 0.43340337743278257 88.06008441708254 -0.41945460277895197 0.07595691157645376 -9.267803596572275E-30 2.4248706913105265E-25 -3851.81721624736
 0.47373555961808467 88.90665659357558 -0.3871563646528893 0.07562227800159751 3.342710215320325E-29 6.699189026426286E-25 -3926.0936463865423
 0.5154295734082459 89.71857042127347 -0.3572983716189546 0.0752785361624283 -1.0876985472655864E-28 1.8956221353022806E-24 -3999.0748913608113
 0.5584122733353573 90.49310335724137 -0.33125342671310076 0.07491216526965419 3.443890269025545E-28 5.4890646939062644E-24 -4068.4595195493425
 0.602608253138127 91.23673793316986 -0.30641113283112004 0.07457856475023196 -1.0082129147517975E-27 1.6241617864160256E-23 -4135.89686388273
 0.6479399780500863 91.94644371127298 -0.28548338238321963 0.07428865824383638 2.899844273685995E-27 4.905508517917879E-23 -4201.338169602095
 0.694327920821916 92.62310756078632 -0.26952237999350664 0.07403943832093625 -7.801358467383611E-27 1.5098052269488832E-22 -4264.069550680812
 0.7416907012392653 93.27292082108428 -0.25619845287290705 0.07386641216052364 2.0874686461606707E-26 4.729145847603159E-22 -4324.731531105614
 0.7899452288913011 93.89507051601375 -0.24761777635171917 0.07378443504624872 -5.229287902784089E-26 1.5047433058959666E-21 -4384.2903140765975
 0.8390068489395233 94.49000404641176 -0.24457884116129855 0.07378196288495974 1.3264442709836643E-25 4.856308227010377E-21 -4441.383255873994
 0.8887894906311168 95.06364719491995 -0.24501727894887568 0.07389350634270966 -3.1105351226359716E-25 1.5866395375306592E-20 -4497.313358354941
 0.939205818296299 95.61450805685196 -0.2507638368067614 0.07412361857225012 7.62380750448756E-25 5.238978261262424E-20 -4552.258708558764
 0.9901673845647623 96.14290912192155 -0.262547149898182 0.07446756202621949 -1.66255625242909E-24 1.7448804543389608E-19 -4605.633687609709
 1.0415847855324147 96.6530122423406 -0.2785654472187975 0.07494873930773559 4.052429721090236E-24 5.851343055463551E-19 -4657.866061628723
 1.0933678176062092 97.14361194656648 -0.30062348942961625 0.07557668069040968 -7.954376435013682E-24 1.971839324984341E-18 -4709.735389774463
 1.1454256357518955 97.61370270979883 -0.3294656088282392 0.07634134877199047 2.0513861894792807E-23 6.665145079498225E-18 -4760.0518546066105
 1.197666912867081 98.06720995716951 -0.3636326783863654 0.07727049545844084 -3.258906717719884E-23 2.2554694148462638E-17 -4809.633341424377
 1.25 98.50237008558997 -0.40490623339397835 0.07836628627612571 1.0450394755462639E-22 7.626824981891195E-17 -4858.715183405565
 1.302333087132919 98.91815361647613 -0.45425445305125234 0.07962579164380414 -9.034006808313321E-23 2.572251055487542E-16 -4906.607594875042
 1.354574364248104 99.31763513207135 -0.5103792297138396 0.0810681488150284 5.934997729498953E-22 8.636693823222771E-16 -4953.504807509193
 1.4066321823937904 99.69975431083736 -0.5752484884213709 0.08270015505149371 2.2087263080013716E-22 2.8816990204308143E-15 -5000.109468300125
 1.458415214467585 100.0626445307198 -0.6498484791234314 0.08450941187661187 4.198374314032257E-21 9.53757092118634E-15 -5045.331672528362
 1.5098326154352377 100.40966019954782 -0.7332493710748333 0.0865193683135977 7.476677539001039E-21 3.12567204392359E-14 -5089.603296283616
 1.560794181703701 100.73971345140025 -0.8272199720286205 0.08872116771237137 3.6873158790210747E-20 1.0125352248506196E-13 -5133.329597600246
 1.611210509368883 101.05090732930677 -0.933111878973298 0.09110608693909604 9.900909781932666E-20 3.23663209371239E-13 -5175.773739117887
 1.6609931510604765 101.34605529816774 -1.049750843281444 0.09367782765613104 3.585609163491709E-19 1.019218791818421E-12 -5216.900354898656
 1.7100547711086986 101.62491827633208 -1.1791229940725496 0.09642695687379436 1.0776517234059072E-18 3.1565611269739497E-12 -5257.483310231931
 1.758309298760735 101.88455791142468 -1.32212897927681 0.09931863333311353 3.481535871795101E-18 9.599259798792816E-12 -5296.54906182367
 1.805672079178084 102.12797710707979 -1.4778914971411623 0.10235654778284638 1.0525174966964519E-17 2.861856347704494E-11 -5334.108614187829
 1.8520600219499133 102.35495461725041 -1.6474479239560318 0.10549424515326189 3.1886062200639075E-17 8.351735796782642E-11 -5370.837541901912
 1.8973917468618728 102.56215599745217 -1.8319943485482535 0.10869654694248218 9.31864193682732E-17 2.382089550418279E-10 -5405.94919875671
 1.9415877266646429 102.75177872072403 -2.0294235377555077 0.11192520352677789 2.6695084936517673E-16 6.630588879161343E-10 -5439.111882585454
 1.984570426591754 102.92460161120178 -2.2407660093259762 0.11513065296149239 7.411804678315728E-16 1.798504821606193E-9 -5471.219947545638
 2.026264440381915 103.0758885334377 -2.4655927226237715 0.11823083517378674 1.9999218183861843E-15 4.747008646126714E-9 -5501.435595439802
 2.066596622567217 103.20812209464322 -2.7018597184207085 0.12119206079011599 5.220769188478644E-15 1.2174329317261343E-8 -5529.269711633785
 2.1054962167951397 103.32219238758171 -2.9483018529314986 0.12391124341707291 1.3177962771790932E-14 3.0296352200001124E-8 -5555.7452666390245
 2.1428949799592356 103.41368708313958 -3.2045412181521344 0.1263229989591817 3.208002002785702E-14 7.305176708926895E-8 -5580.02065179688
 2.17872730192073 103.48426588318608 -3.466190479096995 0.12834788588978674 7.521616183472863E-14 1.7044654723667555E-7 -5601.619308306682
 2.2129303206109974 103.53714091098614 -3.7319530638110674 0.12991092199934237 1.6953638039493058E-13 3.842743563291333E-7 -5621.4720837214045
 2.245444032312992 103.56736233245071 -3.9990566107664045 0.13091631505641674 3.668412721316086E-13 8.360403409235235E-7 -5639.194792151116
 2.2762113969281543 103.57833800573187 -4.2638403994841525 0.13133943855852676 7.608551733366868E-13 0.0000017527555546888588 -5653.906045034006
 2.3051784380441287 103.57383826988317 -4.522872629163019 0.13108387727294965 1.510720521999243E-12 0.0000035364598801425502 -5667.143848891561
 2.332294337627731 103.55186722171602 -4.774539426943638 0.13013973577677135 2.868092939655246E-12 0.000006856508071516229 -5678.132051670504
 2.3575115251770478 103.51484993903664 -5.014208747841636 0.128475238439426 5.200808844828354E-12 0.00001275592585731615 -5686.879080038351
 2.3807857611762584 103.46995683784175 -5.240187861189918 0.12609369191477143 8.999049741832946E-12 0.000022728343344917825 -5693.908454605405
 2.4020762147067827 103.41481057313337 -5.450293154010945 0.1229810756052888 1.4845269469310994E-11 0.00003871148916909925 -5699.9708469794405
 2.421345535078583 103.35393590952336 -5.642427664055709 0.11922427680716732 2.332681823996287E-11 0.00006286133070645993 -5703.628246780542
 2.4385599173559678 103.29242321960373 -5.814934416616739 0.1147918339196776 3.4878842198532366E-11 0.00009707647707568402 -5707.055556672238
 2.453689161662936 103.23156176150695 -5.967463675252062 0.10981239564352602 4.9564180668041704E-11 0.00014213797776109661 -5709.049866804713
 2.466706726164023 103.17174227568265 -6.098648641361405 0.10427887436014256 6.684710961700568E-11 0.0001969054800302107 -5710.838309934768
 2.4775897736276944 103.1210035957499 -6.208043715531922 0.09835045437048917 8.54760120505406E-11 0.00025756268871589326 -5710.962162010502
 2.4863192114906143 103.07583171263347 -6.295217354432052 0.09190674016899456 1.0361154811652164E-10 0.0003181210200853252 -5712.737886886073
 2.4928797253524886 103.04182403424763 -6.359254552242127 0.08543504645256417 1.1922201298405288E-10 0.0003711759288426227 -5711.501072330907
 2.4972598058427264 103.01642814767382 -6.4005919122956 0.0781343051479373 1.305665012874899E-10 0.00041039706515469865 -5713.761604589703
 2.4994517688117863 103.00616655268333 -6.420448598858056 0.07156310483097772 1.3650054626640958E-10 0.00043072674984559977 -5710.0206204840115
 2.5013706080328704 102.99966423580663 -6.439228563296895 0.07317538023930051 1.4216819643020188E-10 0.0004488593755053644 -5713.66773821405
 2.5035630518410876 102.9863885194749 -6.461206894475512 0.07686664060669687 1.4901630814808077E-10 0.00047084895270704634 -5712.105978562915
 2.50685051540278 102.96802337107039 -6.494105802787722 0.08044227123796308 1.5987538200304633E-10 0.0005045290243916253 -5712.912988044013
 2.511231556727778 102.94258093138359 -6.537891622109465 0.08411701878342097 1.7552026387873445E-10 0.0005506912250715438 -5712.367352189488
 2.516704254146561 102.91059609754143 -6.592471405862778 0.08784860278593254 1.9711208181776736E-10 0.000609982257706376 -5712.813824218685
 2.523266207153167 102.86970788782125 -6.65777440952137 0.09169449098312468 2.2633108394247831E-10 0.0006830420486260406 -5712.507904892419
 2.530914537458133 102.82168675174246 -6.733548615708425 0.09564001928563787 2.6557490932975493E-10 0.0007703507299070386 -5712.1453785065205
 2.539645890251008 102.76490029484708 -6.81962998814054 0.09970005114579618 3.182517409296577E-10 0.000872337362147571 -5711.853588594797
 2.549456435671882 102.69710356505747 -6.915857460552435 0.10389245132488137 3.8921421044314757E-10 0.0009892692518904448 -5711.142549018761
 2.5603418704912926 102.61988433044858 -7.021633084381958 0.10823326909890758 4.853966775373053E-10 0.0011213711013334814 -5709.8424196435235
 2.572297419997761 102.53159903857006 -7.136595569779009 0.11271471575923253 6.167550351767657E-10 0.0012687548922487885 -5708.712278586125
 2.5853178400921384 102.42894834894312 -7.2604964061129795 0.11736215599751425 7.97659304559194E-10 0.0014314819560730687 -5706.680116423785
 2.5993974195878433 102.31428330457389 -7.392165784271649 0.12217890677839008 1.048943572944738E-9 0.001609550098490841 -5704.033343084704
 2.6145299827159736 102.18538127902943 -7.530962035908591 0.12715725566044894 1.400922741687434E-9 0.0018029329758317125 -5701.201085346853
 2.6307088918342068 102.03870941593142 -7.676489382145862 0.1323065218136249 1.897835946555942E-9 0.002011534730601139 -5697.308806362119
 2.647927050338284 101.87690261431446 -7.826893026562249 0.13762780044991318 2.6043125495138648E-9 0.002235270000656044 -5692.506617904408
 2.6661769057748215 101.69774642260573 -7.981162399657927 0.14310084055960684 3.6147100312858243E-9 0.0024740089928230982 -5687.394876272645
 2.68545045315406 101.49751356117329 -8.138794921021082 0.14872520229849212 5.066491451022832E-9 0.002727606308200724 -5680.936957527834
 2.705739238461123 101.27937604471857 -8.297235606086224 0.15448789525450873 7.159025496886782E-9 0.0029959087323929707 -5673.481167943693
 2.7270343623642246 101.0411957006299 -8.455204529849558 0.1603616588340673 1.0179533928961492E-8 0.003278759552687638 -5665.537362946909
 2.7493264841182095 100.77958471704605 -8.612164931097452 0.16633001252398877 1.4538308560865925E-8 0.003575968351775153 -5656.1928475592695
 2.7726058256617154 100.49803816742107 -8.765131125405585 0.17236931619728116 2.0815164078651093E-8 0.0038873661858998382 -5645.786160384466
 2.796862175906152 100.19486938895554 -8.91273205634356 0.17844351923981544 2.9819167476717496E-8 0.004212766188104341 -5634.914524787479
 2.822084895214622 99.86714132493104 -9.054649812030698 0.18452628170246257 4.266347982663496E-8 0.004551970508643731 -5622.688555030135
 2.8482629200688185 99.51859520930758 -9.187817278950769 0.190583581308989 6.085608094255294E-8 0.0049047862165680365 -5609.536485317985
 2.875384767921848 99.14799877167528 -9.311122364314176 0.19657811566531588 8.640626834544026E-8 0.005271022496631127 -5596.021526344182
 2.9034385422348565 98.75299112265186 -9.424638853405519 0.20247773606044034 1.2194616516791561E-7 0.005650464835800806 -5581.403716032631
 2.9324119376952456 98.33716946281353 -9.525676297868282 0.20824629624735033 1.7086429178446885E-7 0.00604291493208849 -5566.071241500996
 2.9622922456141856 97.89977714102723 -9.613584744227834 0.21384996118373228 2.3744801717704453E-7 0.006448167913825049 -5550.59807041475
 2.9930663595010705 97.43883912339233 -9.689000269024762 0.21925971884505124 3.270301741385473E-7 0.006866006203367019 -5534.344145773257
 3.024720780812455 96.9575392352999 -9.749842987049107 0.2244426021613965 4.4613603366110245E-7 0.007296217262221432 -5517.654375245945
 3.0572416248729635 96.45543178200539 -9.796065905749154 0.2293750642027871 6.026252146671808E-7 0.007738591415091726 -5501.04404675413
 3.090614626965568 95.93078891745392 -9.828814539995815 0.2340358871893149 8.058240603115194E-7 0.008192899815447584 -5484.003868604734
 3.1248251485885614 95.38614729173216 -9.846740462810784 0.2384012052915701 0.0000010666477883383488 0.00865892361470116 -5466.76214336355
 3.1598581838764925 94.82130524291067 -9.850312318855329 0.24245977804971458 0.0000013977091321606623 0.00913644055802815 -5449.788273074849
 3.1956983661822314 94.2346335892554 -9.841096569408792 0.24620196655460086 0.0000018134071226225424 0.009625216096879165 -5432.6639940271425
 3.232329974817289 93.62803194899615 -9.818370169309173 0.24961431117909577 0.0000023300091327637482 0.010125019784095033 -5415.505392156788
 3.2697369419474325 93.00148889501979 -9.782999814996334 0.25269875131284114 0.0000029657142300223142 0.010635620559732556 -5398.717314041426
 3.307902859640566 92.35346365855803 -9.736779618995842 0.2554567103894497 0.000003740695040993039 0.011156773225996194 -5381.969467289049
 3.3468109870637957 91.68534940610907 -9.67947120329759 0.2578852324071857 0.0000046771423272225685 0.011688239874412538 -5365.260038515042
 3.386444257826506 90.99735204787869 -9.61214296922677 0.25999699934416404 0.000005799288462158439 0.012229776353121816 -5348.952219052318
 3.4267852874662497 90.28805284917742 -9.536672208034915 0.26180299128311185 0.000007133400691125688 0.01278112956460408 -5332.773281163491
 3.4678163810741434 89.55857235811074 -9.453097293535212 0.2633081709873835 0.000008707797496612435 0.013342051719207552 -5316.63849349152
 3.5095195410564397 88.8093504052814 -9.362542225866186 0.26453314477565804 0.000010552823561698753 0.013912287748288696 -5300.876327488842
 3.5518764750288687 88.03916664846955 -9.26681950548946 0.26549507963165664 0.00001270078928676332 0.014491574307748443 -5285.260086964075
 3.59486860384028 87.24908682026343 -9.166080531207836 0.26620406039122024 0.000015185948922224382 0.015079656271304583 -5269.647766029798
 3.6384770697220743 86.43979213652997 -9.061366284247045 0.2666848084716798 0.00001804441373906988 0.015676265979361764 -5254.3547013970565
 3.6826827445598416 85.61031018037816 -8.95434022628136 0.26695752711368914 0.00002131401364732842 0.01628113160682408 -5239.175438812602
 3.7274662382835873 84.76182633205109 -8.845117937818769 0.2670340605397208 0.00002503423243379713 0.01689398994075483 -5223.948770233587
 3.772807907372856 83.89522603103305 -8.734580312096847 0.2669400804511601 0.00002924603388235737 0.017514562472803856 -5208.982287929243
 3.818687863473029 83.00980736158202 -8.624181748212779 0.26669569275855476 0.00003399163635280323 0.018142568171887575 -5194.080157556221
 3.8650859821190133 82.10696890365753 -8.51391368084096 0.2663118973204051 0.000039314400725557185 0.018777737518907562 -5179.08360273736
 3.9119819115624996 81.18773935244354 -8.40444996430508 0.26581262131328565 0.00004525857012770279 0.01941978098150175 -5164.302833561291
 3.9593550816989085 80.25166790948094 -8.297024372305577 0.2652157260600184 0.00005186895326999722 0.02006840973678991 -5149.533464688483
 4.007184713090121 79.30039664671797 -8.191451894487368 0.26452941256690804 0.000059190796607131477 0.020723348060179787 -5134.641690789668
 4.055449826079023 78.33501721498484 -8.088198215186498 0.2637742639194698 0.00006726944794416356 0.021384296953320583 -5119.937696782612
 4.1041292499918836 77.3552883414607 -7.9882868326808545 0.26296456915979916 0.00007614997690973069 0.022050959973161133 -5105.20247477549
 4.153201632424501 76.36307290410468 -7.891348865386226 0.2621047958862188 0.00008587707564802252 0.022723056580606874 -5090.333390474729
 4.202645448608086 75.35944978099229 -7.797661928567706 0.2612114398244029 0.00009649468659799982 0.023400278881370112 -5075.643060454668
 4.252439010850726 74.34432969610909 -7.708073087194188 0.2602948075069075 0.00010804559106542744 0.0240823240872002 -5060.88801966312
 4.302560478050328 73.31974817179213 -7.622044412509996 0.2593554521790853 0.00012057141025445288 0.024768907411972872 -5046.003539615133
 4.35298786527485 72.28670626326549 -7.53970333256463 0.2584057978411793 0.00013411223420977184 0.025459713497301386 -5031.298611035513
 4.403699053405612 71.24520868012306 -7.461759039988393 0.2574523648576638 0.00014870622299144716 0.026154433897486125 -5016.506149572342
 4.454671798839481 70.19740337911409 -7.387535211811373 0.25649215313948204 0.0001643897750753172 0.026852780820623496 -5001.593959457009
 4.505883743245645 69.14416763347695 -7.317047713827018 0.25553398321047066 0.00018119719968144238 0.02755443242226183 -4986.8682212123595
 4.557312423372716 68.0855450388635 -7.25090697509981 0.2545811052135029 0.00019916036227312067 0.028259075824386335 -4972.035025820552
 4.608935280901857 67.02373715033693 -7.188329857543966 0.25362760956241986 0.00021830909142054475 0.028966421196245623 -4957.092777628355
 4.660729672341605 65.95946868021568 -7.129255255444759 0.2526793363953005 0.0002386709213616827 0.02967614155620291 -4942.3395447311905
 4.712672878960053 64.89277318024233 -7.074226320515401 0.25173690338136756 0.00026027081412468 0.030387920665661757 -4927.460024944901
 4.764742116750039 63.82585314178724 -7.022380666682811 0.25079214149991397 0.0002831318670201099 0.03110146794726556 -4912.472592482476
 4.816914546422964 62.75926610808653 -6.973604663806598 0.2498485707901892 0.0003072751520099773 0.03181645257943861 -4897.6694551360115
 4.869167283426858 61.69299218970038 -6.9283976299620225 0.24890469445181446 0.000332719546366534 0.0325325561927376 -4882.713771958281
 4.9214774079843036 60.6291888628283 -6.885836731540853 0.24795070254686336 0.00035948281155446246 0.033249488965614096 -4867.638714183479
 4.973821975145803 59.56824319695755 -6.84576991223301 0.24698829931409103 0.00038758156462568634 0.03396691754283198 -4852.72703286355
 5.078522592015696 57.45665228313615 -6.773558492205983 0.2450177120405655 0.0004478478010517978 0.035402017570616014 -4822.374730918873
 5.130832716573141 56.408299537400296 -6.740254767522903 0.2439988599702581 0.0004800475915002376 0.036119067288167266 -4807.2465654820735
 5.183085453577036 55.36472819093088 -6.709211505503439 0.24295313210124223 0.0005136479267751729 0.03683535365221728 -4791.876817155798
 5.235257883249961 54.32789519106211 -6.679406590380569 0.2418687354179241 0.0005486691105209638 0.037550593794532475 -4776.29550154496
 5.287327121039947 53.29785743113291 -6.650620718132274 0.24074502378359322 0.0005851349890280244 0.038264453715708954 -4760.77253805931
 5.3392703276583955 52.27417733538406 -6.623304883328017 0.2395762339962175 0.0006230736705030334 0.03897661734553607 -4744.933844113324
 5.391064719098143 51.25866941031269 -6.596388165911456 0.23835022393332594 0.0006625205639648013 0.0396868082735188 -4728.789007843418
 5.442687576627284 50.25124214928644 -6.569620675671755 0.23706598331271522 0.0007035194175466987 0.04039469413416358 -4712.607162748924
 5.494116256754355 49.251230748777424 -6.543476321112549 0.23571702762563052 0.0007461236651564732 0.04109996160224201 -4696.004460516136
 5.545328201160519 48.26029635255974 -6.516844259060181 0.23429176528059767 0.0007904004450725229 0.04180234307396411 -4678.961816920249
 5.596300946594388 47.27823762960105 -6.4894633097639325 0.23278985992109286 0.0008364321041438071 0.04250150708206997 -4661.7484799877975
 5.64701213472515 46.304132750062145 -6.461888692514674 0.23120521000277808 0.0008843178941472253 0.04319714295668395 -4643.9775919093545
 5.697439521949672 45.339527082334605 -6.4330001740667475 0.22952827631477002 0.000934178469815901 0.043888992241062436 -4625.584592665664
 5.747560989149274 44.38419320731088 -6.402581271341429 0.2277614220009041 0.0009861568257562088 0.04457672252814543 -4606.853372912995
 5.797354551391914 43.43697561537309 -6.371372906179909 0.2259007019374977 0.0010404188602414228 0.04526002239563168 -4587.392632660984
 5.846798367575499 42.499416974607975 -6.338312253726924 0.22394114315523367 0.0010971563177649074 0.04593864286079371 -4567.087736078498
 5.8958707500081164 41.57143496575142 -6.303323492672515 0.22189046029925208 0.0011565844904766155 0.04661224511300384 -4546.2492265109295
 5.944550173920977 40.65173260596075 -6.267487879177877 0.21974931972288028 0.0012189383831887554 0.04728051322760557 -4524.492781279748
 5.992815286909879 39.74207086905749 -6.229882885723854 0.21751985802093926 0.0012844706613402113 0.04794320660807258 -4501.644608246025
 6.040644918301091 38.84275553883076 -6.190691082527214 0.21521781737483525 0.0013534423587251297 0.04859997518504197 -4478.07417036562
 6.0880180884375 37.95250587270904 -6.151487511696481 0.21284986325825772 0.001426111293041069 0.049250494226778074 -4453.407796422962
 6.134914017880986 37.073569723685644 -6.1115402307991715 0.21042659422131016 0.0015027224268160352 0.04989453441267069 -4427.424273466674
 6.181312136526971 36.20689022896456 -6.0713482810058474 0.2079720227190688 0.0015834903002821803 0.050531730753736764 -4400.579772527966
 6.227192092627144 35.35131446887898 -6.033054338264477 0.20549763246028915 0.001668580052230446 0.05116175130463955 -4372.530061302106
 6.272533761716413 34.509773211600276 -5.99603327092773 0.2030200150691914 0.001758093063610612 0.05178438514448453 -4343.014110791091
 6.317317255440159 33.683929218911175 -5.9610229366778125 0.20056805781859433 0.0018520462344661691 0.05239925591597713 -4312.616203166614
 6.361522930277926 32.87269176546384 -5.930618325717547 0.1981523106907176 0.0019503535148577087 0.053006032485400215 -4281.024755113735
 6.405131396159719 32.07960763398694 -5.9040439417562744 0.19578920290615331 0.0020528168283119553 0.053604536523544584 -4247.964495231376
 6.44812352497113 31.3068503737027 -5.882003850625276 0.1935047984939243 0.0021591142901885153 0.05419439023438567 -4214.161304321363
 6.49048045894356 30.553036767862462 -5.867253040303968 0.1913006845577691 0.0022687948475077586 0.05477527798133369 -4179.347232255522
 6.532183618925856 29.82194728400479 -5.858463488690854 0.18918469037091756 0.0023812870412360564 0.055347070254675244 -4143.236259640266
 6.5732147125337494 29.115760315400895 -5.8559606300722935 0.1871726345914819 0.0024959067876345036 0.05590939985812413 -4106.7000221537955
 6.613555742173494 28.43227382683578 -5.8622897361025625 0.1852500810251945 0.0026118730120399105 0.05646198125543524 -4069.49616951726
 6.653189012936204 27.774934944082247 -5.875259744045991 0.1834119536805362 0.0027283372642221957 0.05700474135264135 -4031.334763828308
 6.692097140359433 27.145395645803006 -5.894571896969876 0.18166040706232112 0.0028444095002074076 0.05753733139560057 -3993.18939633098
 6.730263058052568 26.540216866260263 -5.922390652744191 0.17996541185986853 0.0029591871995277557 0.05805949722375147 -3954.8344390281577
 6.767670025182711 25.962113510257478 -5.955616119889484 0.17831099824733795 0.0030717937559905585 0.05857121884258103 -3915.9496311493485
 6.804301633817769 25.411984849375752 -5.993417342669777 0.17669072752821496 0.0031814055415462852 0.0590721576740944 -3877.566375997368
 6.8401418161235075 24.88515689944141 -6.03767186983788 0.17506540075514837 0.0032872762999860616 0.05956208581640262 -3839.448410102989
 6.875174851411439 24.383612030419332 -6.084706371364613 0.17341750078376683 0.003388764970404029 0.06004101391667407 -3801.2323590028523
 6.909385373034432 23.907738014199495 -6.133466948151207 0.17173983033675186 0.003485346869533904 0.0605086087571055 -3763.944694424213
 6.9427583751270365 23.452045388609392 -6.185883427896167 0.16999435267450386 0.0035766191807028542 0.06096464872510839 -3727.3415831465413
 6.975279219187545 23.018121051371633 -6.238130082774672 0.16816984542869287 0.0036623093754522148 0.061409166001046865 -3690.990661239156
 7.0069336404989295 22.606356294233112 -6.289326507616589 0.16626622503855745 0.0037422658485687862 0.061841817078424385 -3655.8850672831372
 7.0377077543858135 22.21099556121526 -6.341686702490191 0.1642514042594324 0.0038164462711827015 0.062262390802816155 -3621.776176081558
 7.067588062304754 21.833621536759736 -6.391608291787142 0.16212599791913168 0.003884911529383115 0.06267091987728055 -3588.16004473659
 7.096561457765143 21.47507588343155 -6.438533313508495 0.1598972977115558 0.0039478051609749985 0.06306706784317444 -3555.978706968173
 7.124615232078153 21.12974562963943 -6.485082524154616 0.1575412879495212 0.004005334908729106 0.06345061836959097 -3525.0003355595477
 7.1517370799311815 20.7993799989899 -6.527955375903034 0.15506825975517033 0.004057763938710957 0.06382162419681119 -3494.649894462502
 7.177915104785377 20.485531602563384 -6.566956308268288 0.15249221655627226 0.004105389524082595 0.06417974202395259 -3465.814199303195
 7.203137824093847 20.182818846360487 -6.604974226501833 0.14979250264069988 0.004148528005093606 0.06452477944534162 -3438.3140827480006
 7.227394174338285 19.89317959711455 -6.639038575605493 0.14698853843606485 0.004187509860780416 0.06485678576834836 -3411.4841854888627
 7.25067351588179 19.61884836995617 -6.669146614637421 0.14409483197856338 0.00422266419136129 0.06517544886726717 -3386.190642044138
 7.272965637635775 19.354679345258294 -6.698353959239049 0.14109348652800266 0.004254309801266112 0.06548057035376786 -3362.2989918395338
 7.294260761538877 19.102572502438434 -6.723893853702711 0.13800751275684187 0.004282756066226376 0.06577223713165566 -3339.0888163946174
 7.31454954684594 18.865475250891883 -6.745890726974662 0.1348520942307559 0.004308293078938985 0.06605013214035403 -3317.360092183151
 7.3338230942251785 18.63823055376861 -6.767347139246398 0.13160602737621693 0.004331188576346115 0.06631409750638316 -3297.1254847172067
 7.352072949661716 18.42267936924333 -6.785717532072298 0.12829839893116027 0.00435169183422992 0.06656420999644369 -3277.4911990715477
 7.369291108165793 18.222240339906595 -6.801108197255878 0.1249384412289874 0.0043700285295189285 0.06680020305511562 -3259.327764267664
 7.385470017284026 18.03183085201528 -6.816382406203225 0.12150623785009634 0.004386400558353365 0.0670218919035114 -3242.6740173301955
 7.400602580412157 17.85286649316246 -6.829177236129175 0.11802974660691577 0.004400991178561878 0.06722939131608383 -3226.6167611246306
 7.414682159907862 17.689478451283446 -6.839586475197605 0.11451922941992129 0.004413962365909571 0.06742235849997386 -3211.867113986923
 7.427702580002239 17.53623040975068 -6.85016350265613 0.11094720994227762 0.004425456320416256 0.06760052024202164 -3198.8525533691036
 7.439658129508707 17.394517398678502 -6.858827471588783 0.10734883816409749 0.004435599818512066 0.0677636511325526 -3186.1692752279773
 7.450543564328118 17.268536006526944 -6.865633024675328 0.1037237058794199 0.004444503440796694 0.06791089139028815 -3174.9061618496635
 7.460354109748992 17.153236838271397 -6.872701855483317 0.10005567742713453 0.00445226318696207 0.06804095332861637 -3165.2935389688964
 7.469085462541867 17.049026756171706 -6.878343057082259 0.0963633445494759 0.004458963409263664 0.06815251284172244 -3156.202221960539
 7.476733792846833 16.961287592230928 -6.882568306702486 0.09266882984792292 0.00446467657480673 0.06824366931762466 -3147.9071420084556
 7.4832957458534395 16.883771744871257 -6.88696615443566 0.08891723736544269 0.004469464232136912 0.06831342823384996 -3142.3157194352752
 7.488768443272222 16.81841671056784 -6.890273807118289 0.08513522477253822 0.004473378221601153 0.06836264151899718 -3135.866160272967
 7.49314948459722 16.76828030133206 -6.892583584367855 0.0812776202402343 0.004476460653305039 0.06839400755624137 -3131.6208723029667
 7.496436948158912 16.73048302909383 -6.89469827274699 0.0776255581509365 0.004478744427767101 0.06841150353267572 -3128.246057240833
 7.49862939196713 16.7019491096906 -6.896006012465421 0.07325277961867688 0.0044802537660583105 0.0684205068884816 -3128.22476778681
 7.499725854343557 16.691971479841055 -6.896568485533397 0.070117646067964 0.004481004520378062 0.06842276996313991 -3119.3633121152966
 7.502740194157274 16.66639861814472 -6.898150847600116 0.07934996259839061 0.004483084214676581 0.06842723900515625 -3126.541873735652
 7.507120274647511 16.61197072492548 -6.900065999563573 0.08712039815350443 0.004486078636402501 0.0684384367356961 -3115.857353601472
 7.513680788509387 16.53841393218505 -6.903933328411394 0.09455159105903709 0.004490488990253949 0.06844883375063814 -3113.8079365604367
 7.5224102263723065 16.43210670444773 -6.908029842559915 0.10203823961870773 0.004496221624058982 0.06845998719815048 -3101.925892461915
 7.533293273835977 16.30822827570462 -6.912560159824686 0.10942038010004754 0.0045031582307404035 0.0684690546327467 -3092.9752906728863
 7.546310838337064 16.15343070652748 -6.919179284482214 0.11678568181722476 0.004511158933810841 0.06847756832091136 -3078.9672048650873
 7.561440082644032 15.975888112342368 -6.9252799315063935 0.12405296042410457 0.004520072606701835 0.06848435203549509 -3064.7844871447155
 7.578654464921417 15.774562660979498 -6.931342859904994 0.13128158447071508 0.004529736492159131 0.06849072276597762 -3046.963729516209
 7.597923785293217 15.54898704747274 -6.938941099096839 0.13837280346909897 0.0045399878856091655 0.06849560167917924 -3029.116964306264
 7.619214238823742 15.297989874735286 -6.946033654353535 0.1453813859189645 0.0045506664249528655 0.0685004235486993 -3007.5816704527465
 7.642488474822953 15.027915562996592 -6.951942937555525 0.15226188067821977 0.004561626301876336 0.06850413781483687 -2985.707114405321
 7.667705662372269 14.7321407373644 -6.959997559595799 0.15901265765042916 0.004572725092137478 0.06850773838246109 -2961.476441422865
 7.694821561955871 14.416090326666367 -6.966561590134487 0.16560295239039077 0.004583853813795311 0.06851063190968318 -2935.9027062327746
 7.723788603071846 14.080504909200764 -6.972913777242655 0.1720628453846133 0.004594911050576586 0.06851350967784031 -2908.6721823386847
 7.754555967687008 13.723911945542527 -6.980546479597376 0.17832821852391806 0.004605827218618201 0.06851566566333245 -2880.6369092285913
 7.787069679389003 13.348610669506149 -6.9880285893027505 0.1844317815336241 0.004616552393473854 0.06851799229202203 -2850.5676660506037
 7.82127269807927 12.95818170450931 -6.994783983936125 0.19034931173855657 0.004627074122663035 0.06851975504035425 -2820.080749543694
 7.857105020040764 12.549189611514626 -7.0040364784056095 0.19607568051590168 0.004637391896323891 0.06852152431576518 -2788.394578722198
 7.8945037832048595 12.126705328880304 -7.012738054367296 0.2015924838309483 0.004647561073314572 0.0685229814861392 -2755.681377109472
 7.933403377432782 11.691957187939328 -7.021742821592593 0.20691869022932108 0.004657656675605416 0.06852448158209841 -2722.493575962127
 7.973735559618085 11.24377487593795 -7.032226805609216 0.21200511719094428 0.004667805400501753 0.06852557169340334 -2688.875847234005
 8.015429573408246 10.785504569999187 -7.042241630846479 0.21685840295064393 0.004678176393909768 0.06852685912795038 -2654.371071718593
 8.058412273335357 10.319003383303219 -7.050676531232821 0.22144775904735337 0.0046889958855793525 0.06852782215851033 -2620.0727010549554
 8.102608253138127 9.8413647724908 -7.058748915766488 0.2257348187280404 0.004700521084334891 0.0685288178839219 -2585.513407597211
 8.147939978050086 9.355859200262891 -7.062686018058308 0.2296703950673004 0.004713069646472003 0.06852967447684634 -2550.603776317434
 8.194327920821916 8.861303259259474 -7.061114079554988 0.2332160660521424 0.0047269681355739685 0.06853058966617094 -2516.0731071416094
 8.241690701239264 8.354013496569276 -7.053069070919782 0.23628043612412328 0.004742545621887347 0.06853122643597605 -2481.515374237254
 8.289945228891302 7.833717943735622 -7.03462770391821 0.23880129665072664 0.004760090791506034 0.0685320545680222 -2446.6290847827986
 8.339006848939523 7.297353958587814 -7.003020608670816 0.24069852124599678 0.004779802612703529 0.06853263675666837 -2411.989981211242
 8.388789490631117 6.737918484176311 -6.957310589776901 0.24188752529610175 0.00480171058162396 0.06853323572368564 -2376.980183217806
 8.4392058182963 6.153836178224289 -6.893810379577247 0.2423031725847307 0.004825627161943138 0.06853371630249017 -2341.0153500464494
 8.490167384564764 5.539921968142235 -6.811565443792383 0.2419209435303415 0.004851038177889556 0.06853421234572162 -2304.53018255934
 8.541584785532415 4.890308839916415 -6.712050393442457 0.2407263187878778 0.004877030662344718 0.06853441745986348 -2266.526420229127
 8.59336781760621 4.205022625487046 -6.596447894460629 0.23879306093141497 0.004902225865245393 0.06853474068574007 -2226.420171875277
 8.645425635751895 3.4850465020304484 -6.469548487476354 0.2362661900276665 0.004924728431486506 0.06853476866759466 -2184.3582479520132
 8.697666912867081 2.7318420406659483 -6.34133056712815 0.2333685384420026 0.004942116639120193 0.06853475340243136 -2139.7600217919007
 8.75 1.9585337686826905 -6.222175789208785 0.23042863643531422 0.004951547822106119 0.06853458685292639 -2091.8917870492446
 8.802333087132919 1.18108725249625 -6.127379779816784 0.22788846802685997 0.004949901722697156 0.06853428335845733 -2041.9920696160993
 8.854574364248105 0.41974995357744316 -6.0777168485918205 0.22622258372700366 0.004934079839574798 0.068533835601487 -1989.941373705791
 8.906632182393789 -0.29340996040260353 -6.092017410774171 0.225970705079431 0.004901423343765596 0.06853341000309614 -1936.6247036094076
 8.958415214467585 -0.9225666083638671 -6.190411558103197 0.2276450050740541 0.0048501885949275006 0.06853272359522514 -1884.3133769182887
 9.009832615435236 -1.4338057355755829 -6.3943366400046004 0.23164069292958683 0.004780041865233137 0.0685322894421831 -1835.20278459763
 9.0607941817037 -1.7869339185628896 -6.713445713309565 0.23817430615624513 0.004692524463476599 0.0685317105574432 -1791.2422086410127
 9.111210509368883 -1.9504970045831211 -7.152787319738045 0.24723862983866837 0.004591232186725036 0.06853141217370219 -1756.9463397209374
 9.160993151060477 -1.904089927221581 -7.707920728382908 0.25847895210638633 0.004481802948275916 0.06853123436214964 -1734.7337616584255
 9.210054771108698 -1.637317038580749 -8.35771650448609 0.27126729591220916 0.004371544623450075 0.06853150277559722 -1728.3479543547403
 9.258309298760736 -1.15878504981735 -9.072084122122336 0.2846442665139538 0.004268857553347843 0.06853200784551881 -1740.6603404090472
 9.305672079178084 -0.49074561882732887 -9.808951555383075 0.29749720875295765 0.004182453556898988 0.06853320938140245 -1773.3029711341162
 9.352060021949914 0.3285193879125166 -10.513708026211246 0.3085123332726935 0.004120711530389576 0.06853469860520253 -1827.9746067357034
 9.397391746861873 1.244205619110175 -11.134474234425507 0.31634909837039943 0.00409097049208824 0.068537067068632 -1903.7555426838499
 9.441587726664643 2.2027165628571863 -11.602771200473825 0.3198542858829343 0.004099284553952738 0.06853971685536552 -1998.1613083273242
 9.484570426591754 3.136562264766185 -11.862161183741996 0.31782345863369477 0.004149954336207083 0.06854314598021896 -2108.3093329196336
 9.526264440381915 3.977467434059111 -11.849620903901645 0.30950816528112024 0.004245639229476987 0.068546804367657 -2228.4615091104824
 9.566596622567218 4.659205749615045 -11.513569715913576 0.2945382332513416 0.004387047448662263 0.06855092049693876 -2350.868634897345
 9.605496216795139 5.126883847454195 -10.816967610191346 0.27269741307245926 0.004572932929354278 0.06855492373680319 -2466.693493780908
 9.642894979959236 5.313970329249855 -9.72678021979257 0.24449569678843566 0.004799858622842017 0.0685587549802197 -2569.3225953721208
 9.67872730192073 5.176015782912226 -8.238116626270903 0.2107384287424511 0.005061758017446793 0.06856198969062617 -2645.283601739334
 9.712930320610997 4.6765040642693805 -6.35872979242622 0.17277469444305527 0.005349316156992029 0.06856439692149069 -2689.8988756805825
 9.745444032312992 3.7839642035004313 -4.114151231250745 0.13210556941205862 0.005649106246659675 0.06856493136596689 -2693.389366571652
 9.776211396928154 2.4876409458186752 -1.5583156502842093 0.09050593879557964 0.005942320324459954 0.06856433404030009 -2652.9264966127116
 9.805178438044129 0.7848357953573841 1.2610233054527136 0.050087879445445634 0.006203519393566701 0.06856079714051372 -2565.7228338629684
 9.832294337627731 -1.2941918061383706 4.2617805635421915 0.012607501355571368 0.00639958036714061 0.0685549407384324 -2432.499305912353
 9.857511525177049 -3.707462649945369 7.348381474783317 -0.020321900561986437 0.006489901135423735 0.06854595391101163 -2259.8886330920677
 9.88078576117626 -6.412187365827463 10.448521897945916 -0.046725138515930964 0.0064293673935173 0.06853412965972677 -2056.9266574508024
 9.902076214706783 -9.26856133742932 13.43424179527163 -0.06558785886190467 0.006175157880653584 0.06851859902484904 -1825.4490458407963
 9.921345535078583 -12.190889702922211 16.181675479501852 -0.07630471734619153 0.0056984093940137814 0.06850140643331283 -1593.4570337704292
 9.938559917355967 -15.07102587492907 18.613788563666887 -0.07818512936979363 0.004998557666217289 0.06848178778648088 -1359.609282229233
 9.953689161662936 -17.725393277892948 20.600324028773883 -0.07184320042494746 0.0041150177275123155 0.06846197627854358 -1139.2258814592926
 9.966706726164023 -20.086144880978917 22.085841521035082 -0.05882845403125967 0.003129906094371576 0.06844356940394072 -947.6452336265771
 9.977589773627695 -22.139147321898985 23.1019386612978 -0.03996229356741813 0.0021551001130958544 0.06842839828973116 -792.6844103560692
 9.986319211490613 -23.729047198791594 23.683672326401883 -0.017866106616152903 0.0013038465826352317 0.06841397612738233 -647.3246557731034
 9.992879725352488 -24.960308237795658 23.944997325731727 0.006177862149010783 0.0006570465785319833 0.06840567955387826 -578.7773239307611
 9.997259805842727 -25.777054018485625 24.03490799861487 0.07165220398787021 0.00024312447753062222 0.0683962506737188 -492.0809187947403
 9.999451768811786 -26.18320899872793 24.045112276393674 0.12276619489253196 0.00004760633283693104 0.06839353913869738 -486.4863903420886
