 0.0005482311882135312 74.599173700588 -0.7065401162641747 19.542934734271338 -5.09224152776215E-35 1.2540069905147E-32 -2756.5217500691997
 0.00274019415727332 74.68169689516662 -0.706523435468823 -0.07657235401603887 -2.5353062158535097E-34 6.484908878582548E-32 -2761.7502446953745
 0.007120274647511144 74.84659198411367 -0.7064725953957275 -0.07575353159596085 -6.522583053842709E-34 1.8472173124018395E-31 -2775.1192184914357
 0.013680788509385776 75.09347345980598 -0.7061615899064677 -0.07496350678000295 -1.2345511870075992E-33 4.085851291912508E-31 -2792.77541152465
 0.022410226372305896 75.42187921136298 -0.7055474803607512 -0.07418411309089357 -1.980096724073127E-33 8.101292605344805E-31 -2818.5686919587183
 0.03329327383597702 75.83046097148265 -0.7042571340455929 -0.07342315632817413 -2.8588022611998032E-33 1.5349893791961083E-30 -2848.732421009398
 0.04631083833706351 76.31784115470484 -0.7020251012501392 -0.07268252963580903 -3.854869154312577E-33 2.8743201564794895E-30 -2886.9101646560025
 0.0614400826440323 76.88149628285991 -0.6984531385007697 -0.07196790971957506 -4.9141306237255565E-33 5.4219385977188884E-30 -2929.421479343517
 0.0786544649214172 77.51792213948893 -0.6931982759802221 -0.07128933160301607 -6.015521810672007E-33 1.0419749887056513E-29 -2979.7140388368507
 0.0979237852932173 78.22265305542574 -0.6857120586809314 -0.07065764536372807 -7.128950059770878E-33 2.053045181300554E-29 -3033.9480518657238
 0.11921423882374141 78.98972348928706 -0.6756961644536655 -0.07008249673465163 -8.203257856874383E-33 4.1614130467718903E-29 -3095.4372233600216
 0.14248847482295224 79.8117057903371 -0.6627452612019857 -0.06957906592781989 -9.220389608753892E-33 8.689803148645688E-29 -3160.072085731237
 0.1677056623722686 80.68006968730178 -0.6465498668957813 -0.06915825231952002 -1.018937311202372E-32 1.870191264686686E-28 -3230.9180030876187
 0.1948215619558712 81.58486802088302 -0.6269954045178151 -0.06883108920687217 -1.0694929722425369E-32 4.147495169428125E-28 -3303.6622078155633
 0.22378860307184567 82.51540937819983 -0.6041358309284091 -0.06860673959994101 -1.4679197294876463E-32 9.473916853726524E-28 -3381.1160669039477
 0.254555967687008 83.46066612579372 -0.5780934921360263 -0.06848939792720368 1.4522715486895E-32 2.227849508520613E-27 -3458.795893151254
 0.2870696793890023 84.40981239393474 -0.5493549214465423 -0.06847857586008722 -1.7946055963043312E-31 5.390141380480426E-27 -3539.462791933627
 0.32127269807926995 85.35252270627804 -0.5184841210615264 -0.06857024733982715 9.050426291161718E-31 1.341090008686207E-26 -3618.6003993600343
 0.3571050200407644 86.28014193477868 -0.4861795068202796 -0.06875338256150208 -4.288588577788582E-30 3.428474710348654E-26 -3699.065993542812
 0.39450378320486024 87.18507950446217 -0.45325913501723303 -0.0690139132325248 1.805237933303564E-29 9.003519269487124E-26 -3776.568406615403
 0.43340337743278257 88.0619787728045 -0.4205986234293216 -0.06933435828893837 -6.885439088721201E-29 2.425329317655186E-25 -3854.16620471938
 0.47373555961808467 88.90690320285161 -0.388944285557213 -0.06969457796397197 2.4408590928632457E-28 6.702609187659226E-25 -3927.877539134837
 0.5154295734082459 89.71798006637238 -0.35910274323169666 -0.0700735162256135 -8.050671964429172E-28 1.8959252691904537E-24 -4001.0623984164936
 0.5584122733353573 90.49423527541289 -0.3317184200114435 -0.07045140288438595 2.5159360911784E-27 5.492373655816017E-24 -4070.009283704023
 0.602608253138127 91.23648421624154 -0.3073543715819043 -0.0708071971298029 -7.446070169591531E-27 1.6244354351630467E-23 -4138.3044082488705
 0.6479399780500863 91.94561762615979 -0.28644849905509084 -0.071123757974114 2.115376619298187E-26 4.908614312943341E-23 -4202.477814999501
 0.694327920821916 92.62370175019413 -0.2694332509839344 -0.07138363454097198 -5.75525167169129E-26 1.5101392333453306E-22 -4266.2065042299655
 0.7416907012392653 93.27242516746897 -0.25651809058089275 -0.07157291524302548 1.5176357463407048E-25 4.732040454330175E-22 -4326.14903676717
 0.7899452288913011 93.89411522277314 -0.24802918565992044 -0.07167707738357892 -3.858462571976925E-25 1.5051840610113723E-21 -4386.018192419227
 0.8390068489395233 94.49030493640205 -0.24410252780702324 -0.07168673912124231 9.583989343165598E-25 4.859075074015011E-21 -4442.495033524163
 0.8887894906311168 95.06308489806761 -0.24500567978897475 -0.0715883600081873 -2.3017240209730463E-24 1.5872049880623813E-20 -4499.24979682945
 0.939205818296299 95.61350314331412 -0.25082324988794114 -0.07137589473769726 5.444708492476764E-24 5.241737960614439E-20 -4552.978934686731
 0.9901673845647623 96.14309204842972 -0.2619244187168611 -0.07103660657980106 -1.2425149451577194E-23 1.7455765960728913E-19 -4607.255034899323
 1.0415847855324147 96.6524492537968 -0.2783438723363018 -0.07056641542601899 2.825721619302824E-23 5.854221718089883E-19 -4658.762185567366
 1.0933678176062092 97.1426351125237 -0.3005907802327263 -0.06995151888605051 -6.126257163147548E-23 1.9726627946621024E-18 -4711.002166162769
 1.1454256357518955 97.61379918414151 -0.3287288773065008 -0.06919112631339121 1.35558922000584E-22 6.6682471625817896E-18 -4760.6294028842585
 1.197666912867081 98.06674381934485 -0.36343424476721525 -0.06826831036794012 -2.7594321116867524E-22 2.2564135647299654E-17 -4811.067474971151
 1.25 98.50136493022418 -0.40475342206717685 -0.06718615936163279 6.091190825252795E-22 7.630187012112143E-17 -4858.983391464636
 1.302333087132919 98.91824476573221 -0.4536483187899223 -0.0659248409854715 -1.1157239563606833E-21 2.5733025939015075E-16 -4907.715532802021
 1.354574364248104 99.31720780564376 -0.5100660127680167 -0.06449240949252565 2.6348813475623735E-21 8.6402924490915E-16 -4953.940144249032
 1.4066321823937904 99.69876481749351 -0.5752842773038335 -0.06286527256592019 -3.7566636093045506E-21 2.8828218262120724E-15 -5000.949534131571
 1.458415214467585 100.06263412213073 -0.6491264463089976 -0.061060380564528824 1.178180741568843E-20 9.541318997019357E-15 -5045.424795963028
 1.5098326154352377 100.4093535335932 -0.7332055574488209 -0.059049465756202096 -6.639169156196253E-21 3.126813011102918E-14 -5090.60086920539
 1.560794181703701 100.73860305664991 -0.8270776189379937 -0.056861994229592566 6.255063021281334E-20 1.0129068844460433E-13 -5133.199145718906
 1.611210509368883 101.05085557976888 -0.9327901559936072 -0.05446631135675034 5.358923661129048E-20 3.237725295642583E-13 -5176.388661775741
 1.6609931510604765 101.34575109137941 -1.049436689588624 -0.05190827758650607 4.371610256214776E-19 1.0195658661361572E-12 -5216.91505367686
 1.7100547711086986 101.62375273916402 -1.1795051223876765 -0.04915351441826888 9.46394193554262E-19 3.157529317623138E-12 -5257.906978412115
 1.758309298760735 101.88428699540975 -1.3214720951342456 -0.046270131417891006 3.698129236227303E-18 9.602281157810654E-12 -5296.131155862104
 1.805672079178084 102.1278110203574 -1.4782324711407524 -0.04322171221476613 1.0188053085690215E-17 2.8626404145795573E-11 -5334.645886997668
 1.8520600219499133 102.35352914347816 -1.6473793334901936 -0.040102948119988616 3.242501764013621E-17 8.354145613771053E-11 -5370.270756469396
 1.8973917468618728 102.5618055683451 -1.832214495548138 -0.03687821255441328 9.243722689545245E-17 2.38266207496863E-10 -5405.981742546021
 1.9415877266646429 102.75152980185786 -2.029153826164766 -0.03367079687237544 2.681893501602946E-16 6.63233899283293E-10 -5438.6353323222875
 1.984570426591754 102.92316129726574 -2.2417738766505115 -0.030447821032669724 7.398544211000512E-16 1.7988731161686122E-9 -5471.136024957007
 2.026264440381915 103.07512660989705 -2.465118439008843 -0.027361599170808496 2.0028335291562206E-15 4.7481543483780396E-9 -5500.4078615603885
 2.066596622567217 103.20815108087622 -2.702848053212111 -0.024382394197730622 5.219550413937937E-15 1.2176388159640394E-8 -5529.232089076915
 2.1054962167951397 103.32036834535405 -2.948464807136351 -0.02168599443862594 1.3186379035568003E-14 3.030302559971303E-8 -5554.676644232902
 2.1428949799592356 103.4130052544567 -3.2055816136090565 -0.019245736304430047 3.208449279468645E-14 7.306145934313988E-8 -5579.380802541929
 2.17872730192073 103.48402245259265 -3.4661935467805964 -0.017247844262482024 7.524640898775292E-14 1.7048117477586376E-7 -5600.608077376519
 2.2129303206109974 103.53571335399089 -3.7337305302298516 -0.015664622883784046 1.6957415517962683E-13 3.8431083595892795E-7 -5620.83215324515
 2.245444032312992 103.56605243174131 -3.999092134759169 -0.014675151485877462 3.669558745537247E-13 8.361982473918475E-7 -5637.651949702712
 2.2762113969281543 103.57868764021228 -4.265526070222384 -0.014242698640635073 7.610302804896144E-13 0.000001752858499828948 -5653.2587324337355
 2.3051784380441287 103.57201115972163 -4.523514084854975 -0.014518417045026094 1.5111173769697245E-12 0.000003537085725769708 -5665.759859710874
 2.332294337627731 103.55106794048906 -4.776289530675359 -0.01545026341857194 2.868717144293052E-12 0.000006856660556648657 -5676.95000298832
 2.3575115251770478 103.51465068707395 -5.014782828166164 -0.01714336976593977 5.2019881972216816E-12 0.00001275810477072632 -5685.57732352247
 2.3807857611762584 103.46907399131368 -5.242301885955406 -0.019527900784139168 9.000839599523547E-12 0.000022728014867712638 -5692.857227179797
 2.4020762147067827 103.41335384551643 -5.451047452341149 -0.02265641395293754 1.484819680726796E-11 0.00003871794343381898 -5698.375504540961
 2.421345535078583 103.35438628232535 -5.6443183597753945 -0.026443259689758553 2.3331033052723E-11 0.00006285854711697533 -5702.483870756204
 2.4385599173559678 103.29124744049041 -5.816061086327171 -0.030892964211881216 3.488487901427144E-11 0.00009709207690027891 -5705.807303947387
 2.453689161662936 103.23078564710693 -5.969294561971121 -0.03591104360349487 4.957225203739956E-11 0.00014212850453752777 -5707.554615892549
 2.466706726164023 103.17169700630348 -6.0998228081252455 -0.04146469669757927 6.685759511407912E-11 0.0001969353507358642 -5709.625215617854
 2.4775897736276944 103.12042798436396 -6.20985229086807 -0.04745690489370959 8.548877981617419E-11 0.0002575424595061749 -5709.688023100899
 2.4863192114906143 103.07503988545866 -6.296547127784979 -0.05383509907724632 1.0362663223542879E-10 0.00031816103046180156 -5711.3856898776785
 2.4928797253524886 103.04125358370686 -6.360861382769888 -0.06049358462503174 1.192389929372479E-10 0.0003711595087106935 -5710.151110669272
 2.4972598058427264 103.01636550152875 -6.40199952446055 -0.06738305035665317 1.3058482406424238E-10 0.0004104053525984911 -5712.363485061364
 2.4994517688117863 103.00523821260268 -6.421899007907992 -0.07437591621038805 1.3651957769663731E-10 0.0004308213684945581 -5709.366272607235
 2.5013706080328704 102.99908194139542 -6.440654233627695 -0.07260635149897221 1.4218789688157133E-10 0.0004488342317077248 -5714.470996143275
 2.5035630518410876 102.98590724992016 -6.462680404063195 -0.06903211894349422 1.4903681743750764E-10 0.0004709077400941424 -5708.612318500039
 2.50685051540278 102.96807328105767 -6.495472027722819 -0.06544873811062572 1.5989715322150366E-10 0.0005044609948562629 -5713.624190552574
 2.511231556727778 102.94185370147284 -6.539441970898438 -0.06178894022992791 1.7554379472428028E-10 0.000550763872350069 -5709.3348015790225
 2.516704254146561 102.91019236871243 -6.593788921888001 -0.05807033027513806 1.9713810096768964E-10 0.0006098985937637062 -5713.1468141386795
 2.523266207153167 102.86924758077262 -6.659388980534475 -0.05425130306656916 2.2636027831949998E-10 0.0006831207254163503 -5709.5964998335785
 2.530914537458133 102.82175253058418 -6.734792572094559 -0.05033895963298338 2.656083028366905E-10 0.0007702465391975652 -5712.43932011478
 2.539645890251008 102.76369709140684 -6.821378370191434 -0.046299018032925285 3.1829056790781456E-10 0.000872418328902434 -5709.179260029274
 2.549456435671882 102.69759818668766 -6.916967051273245 -0.04213814985147522 3.892605750365294E-10 0.000989143581813805 -5711.025556260399
 2.5603418704912926 102.61928977607494 -7.023410311489361 -0.03782433120208696 4.854514694776286E-10 0.0011214536066953568 -5707.669050930817
 2.572297419997761 102.5311507221125 -7.137746807644443 -0.03336884232246606 6.168234014342107E-10 0.0012686122797316147 -5708.359580524844
 2.5853178400921384 102.42882894647674 -7.262233654649953 -0.02873884274842746 7.977424140105068E-10 0.0014315591683495832 -5704.539875415945
 2.5993974195878433 102.31462155521811 -7.393115814353079 -0.023955546240148125 1.0490501027170317E-9 0.0016094021700470502 -5703.837563683766
 2.6145299827159736 102.1841546270915 -7.532941547908888 -0.01898508561721236 1.4010536689006607E-9 0.0018030011776642772 -5699.186777363022
 2.6307088918342068 102.03954849811848 -7.677216522009297 -0.013860042628429917 1.8980144418837224E-9 0.002011384064037153 -5696.844982185351
 2.647927050338284 101.87659881563452 -7.828655664995571 -0.008547695279299102 2.6045267681678803E-9 0.00223533546446808 -5691.003153171936
 2.6661769057748215 101.69732455018404 -7.98210367361233 -0.0030934058153345256 3.6150177483395155E-9 0.002473859478139805 -5686.7903917144695
 2.68545045315406 101.49775842506895 -8.140358803830544 0.0025348283730720162 5.066860254357799E-9 0.0027276655664993355 -5679.461855980031
 2.705739238461123 101.27987167972297 -8.297757428648204 0.008276272549600196 7.159575488565016E-9 0.0029957722675384582 -5673.193909948489
 2.7270343623642246 101.04018434546815 -8.457081648420655 0.014161265515399535 1.0180165925795443E-8 0.0032788127299250066 -5664.168140531277
 2.7493264841182095 100.78050751030281 -8.61241274422187 0.02011654137696836 1.453932683196136E-8 0.003575843936568431 -5655.7737099423575
 2.7726058256617154 100.49801663894034 -8.766476894182514 0.026167951097753526 2.0816256017066127E-8 0.0038874218620634196 -5644.946531503916
 2.796862175906152 100.19444294838213 -8.9133277468433 0.03223275990060563 2.982102132253963E-8 0.004212656184129559 -5634.475680216554
 2.822084895214622 99.86754633662636 -9.055683518747658 0.03833449994549864 4.2665372579049614E-8 0.004552025143778516 -5621.893955487683
 2.8482629200688185 99.51900122825107 -9.187830918301591 0.04438242688576007 6.085941981240907E-8 0.004904698705627962 -5609.512301170978
 2.875384767921848 99.14720049149535 -9.312470651762462 0.050399042720748494 8.640943055562496E-8 0.005271077967978642 -5595.352416753648
 2.9034385422348565 98.75360886929023 -9.424407538820363 0.056292513559747175 1.219520137723151E-7 0.005650395636003691 -5581.351456446386
 2.9324119376952456 98.3371876039578 -9.526346191191465 0.06208309106725854 1.708694956827707E-7 0.006042977544804998 -5565.883002904821
 2.9622922456141856 97.8992223023867 -9.613745368138206 0.06768307589988327 2.3745780815500398E-7 0.006448118624417271 -5550.627053295754
 2.9930663595010705 97.43900236912162 -9.689375450695055 0.07311426747490125 3.2703846260619234E-7 0.006866071825121496 -5534.19637948808
 3.024720780812455 96.95762212963582 -9.74944172582815 0.07829448794565702 4.461519596302366E-7 0.007296191803771399 -5518.068819447113
 3.0572416248729635 96.4546329077587 -9.796729715559577 0.08324869092496402 6.026381240347914E-7 0.007738662315305364 -5501.034760970244
 3.090614626965568 95.9308297873163 -9.828264982087067 0.08790574304109501 8.058487359242027E-7 0.008192893100587184 -5484.415874626712
 3.1248251485885614 95.38593204297909 -9.846808770059177 0.09229167115433114 0.0000010666681534288457 0.008659003511052957 -5467.101943346194
 3.1598581838764925 94.8205091251862 -9.850133254386288 0.09634864730216286 0.0000013977464125886311 0.009136453184255471 -5450.316635446249
 3.1956983661822314 94.23430420812878 -9.84097626566249 0.1001064657924349 0.0000018134381482706581 0.009625301725697017 -5432.9995268972125
 3.232329974817289 93.62770658751359 -9.817768619048666 0.10351843723641063 0.0000023300655772807075 0.01012505325773936 -5416.292630682577
 3.2697369419474325 93.0005103188063 -9.783142948894596 0.10661819021885419 0.0000029657619464103145 0.010635713195749163 -5399.170452946419
 3.307902859640566 92.35292661802538 -9.736126034317929 0.10937238756946224 0.0000037407772302067718 0.011156823704281291 -5382.714687795808
 3.3468109870637957 91.68480147259442 -9.679189401136147 0.11181500169195115 0.000004677218338613776 0.011688342068492256 -5365.904599309164
 3.386444257826506 90.99628890542306 -9.611813891727301 0.11392528116599729 0.0000057994078861276054 0.012229842727116212 -5349.790615753998
 3.4267852874662497 90.28726627872567 -9.53630679648432 0.11573918461976837 0.0000071335162677029215 0.012781239904381908 -5333.348904036189
 3.4678163810741434 89.55789143881965 -9.452480629594142 0.11724411866231615 0.000008707974738827067 0.013342135196759088 -5317.600231679916
 3.5095195410564397 88.80815135211823 -9.362423684319925 0.11847728568651393 0.000010552998282650915 0.013912405308577496 -5301.523481468227
 3.5518764750288687 88.03823385966098 -9.266208918287042 0.11943486805041462 0.000012701042218385903 0.014491673263027855 -5286.122731368365
 3.59486860384028 87.2482523829049 -9.165674161127596 0.12015147130922496 0.000015186216907885044 0.015079783841367926 -5270.368706653558
 3.6384770697220743 86.43851285151209 -9.061041543013665 0.12063032325081573 0.000018044771223643008 0.015676377033864618 -5255.263172378058
 3.6826827445598416 85.60924812622372 -8.953916256224524 0.12090492079188202 0.000021314402399983167 0.016281269726664473 -5239.774539081017
 3.7274662382835873 84.76089590624282 -8.844584321569009 0.12098087157904007 0.00002503474373962294 0.016894115398772912 -5224.8966400537665
 3.772807907372856 83.89385747140574 -8.73439839999216 0.12088997155793312 0.00002924658474586318 0.017514707412295348 -5209.603869784642
 3.818687863473029 83.00868856738295 -8.623676923248086 0.12064090264375325 0.000033992336477135626 0.01814270860940111 -5194.889696947751
 3.8650859821190133 82.10594207578356 -8.513516827531374 0.12026042430742524 0.00003931518294112855 0.01877789313992166 -5179.726343164052
 3.9119819115624996 81.18632572660556 -8.404210586270475 0.11975910020044042 0.00004525951007282621 0.019419930519079066 -5165.1141469793865
 3.9593550816989085 80.25050628965735 -8.296638799043322 0.11916059935001014 0.00005187001000990318 0.020068578201302756 -5150.028961030066
 4.007184713090121 79.29931770749562 -8.191031627268247 0.11847362250454965 0.00005919206447255563 0.02072351066187119 -5135.468451516147
 4.055449826079023 78.33355534564245 -8.088058052532912 0.117718828312048 0.00006727084059122817 0.021384471650361864 -5120.418877496897
 4.1041292499918836 77.3541321139478 -7.987895776979187 0.11690456464503139 0.00007615161793677665 0.02205113798651147 -5105.878538738963
 4.153201632424501 76.36193909663703 -7.891017755232365 0.1160459468345742 0.00008587891405386018 0.02272324276631707 -5090.834717577255
 4.202645448608086 75.35797630677249 -7.797529459008341 0.11515075711605634 0.00009649676785579203 0.023400463932477144 -5076.291904409957
 4.252439010850726 74.34317584739392 -7.707757665369824 0.11423100297216275 0.00010804791903985982 0.02408252516839271 -5061.241076838741
 4.302560478050328 73.31859504247322 -7.621730267559664 0.11329117076864843 0.00012057406221711196 0.02476910517001289 -5046.682192248044
 4.35298786527485 72.28521274928698 -7.539638682263195 0.11234077368676333 0.00013411512276545096 0.025459920168037328 -5031.616754753262
 4.403699053405612 71.24408771033285 -7.461463645642911 0.11138312065904761 0.0001487094807464055 0.02615464803587546 -5017.040726718046
 4.454671798839481 70.19622200053362 -7.387278508630221 0.11042319225090204 0.00016439337704232275 0.02685299977579845 -5001.956187002983
 4.505883743245645 69.14268306967288 -7.317009937253886 0.10946350307697601 0.00018120113429025958 0.027554652176826025 -4987.361951742957
 4.557312423372716 68.08444102144364 -7.250658423640321 0.10850700774612454 0.00019916469849135088 0.028259311466381134 -4972.260793100536
 4.608935280901857 67.02255661048508 -7.188099107554729 0.10755322421147917 0.00021831387883967555 0.028966653816765473 -4957.643981452226
 4.660729672341605 65.95797820839972 -7.129261473122476 0.10660378588557663 0.0002386760609203353 0.029676382107652013 -4942.523188596003
 4.712672878960053 64.89170638971032 -7.074001198033716 0.105657429613346 0.00026027645499276947 0.03038817087756986 -4927.881018023553
 4.764742116750039 63.82465997479606 -7.022184695495299 0.10471252195984916 0.0002831380121882927 0.031101721552000704 -4912.72824651478
 4.816914546422964 62.75779224373064 -6.9736382099548235 0.10376752806055979 0.0003072817111556636 0.03181670728892671 -4898.047462273426
 4.869167283426858 61.691940192702184 -6.928199158503146 0.10281979340519035 0.0003327266747508395 0.03253282820232861 -4882.847048742645
 4.9214774079843036 60.62800809485857 -6.88566363702801 0.10186546747491988 0.0003594905209388118 0.03324975697577845 -4868.09961809903
 4.973821975145803 59.566766020385245 -6.845829364646696 0.10090142382075479 0.0003875897385233831 0.03396719377794469 -4852.820641196811
 5.078522592015696 57.4554680317507 -6.773401252675529 0.09892623784181481 0.0004478572924794899 0.03540230782924435 -4822.562127255841
 5.130832716573141 56.40683642242247 -6.740338816995258 0.09790559356420117 0.000480057566893527 0.036119357807524434 -4807.553259830479
 5.183085453577036 55.363710850736084 -6.7090424694475495 0.09685550775412818 0.0005136586711843912 0.03683566448489938 -4791.951698529242
 5.235257883249961 54.32673049528352 -6.6792664000048605 0.09577034516287156 0.0005486805720079736 0.037550898427177654 -4776.7025527804835
 5.287327121039947 53.29638344751241 -6.650715876212006 0.09464393206717019 0.000585147061878315 0.038264768199678084 -4760.818552260238
 5.3392703276583955 52.27317720532039 -6.6231523808738135 0.09347086598381862 0.0006230865456949078 0.03897694325855102 -4745.229257876939
 5.391064719098143 51.257506587931424 -6.596242605981758 0.09224304311643061 0.0006625343731780486 0.03968713857821426 -4728.942269253791
 5.442687576627284 50.24976931563654 -6.569743163993769 0.09095594241641132 0.0007035338131625182 0.04039502236667475 -4712.881331084605
 5.494116256754355 49.250218680225665 -6.543312287236291 0.08960145137532428 0.0007461391720646292 0.04110031625700561 -4696.04685755224
 5.545328201160519 48.259157591388444 -6.516711700941074 0.08817449751096924 0.0007904168942204874 0.041802687198388894 -4679.345964730182
 5.596300946594388 47.2767326168034 -6.489581771776472 0.08666772904757601 0.000836449507973022 0.04250186514653435 -4661.782610023679
 5.64701213472515 46.30311922554676 -6.4617416824624625 0.08507787390556497 0.0008843364376170189 0.043197512584108186 -4644.24566916176
 5.697439521949672 45.338390775189524 -6.432831229362541 0.08339713640634915 0.0009341985299547083 0.043889370057228 -4625.733009763441
 5.747560989149274 44.38266060266255 -6.402744034746108 0.08162545760864524 0.0009861778197040392 0.04457709302230595 -4607.126122820022
 5.797354551391914 43.435925266568226 -6.371181063470459 0.0797569962800462 0.0010404418058267532 0.045260432136285264 -4587.4187587164915
 5.846798367575499 42.49830483226185 -6.338160770872125 0.07779442460363162 0.0010971808454227428 0.04593903309503291 -4567.475106849836
 5.8958707500081164 41.56982745055589 -6.303462756734486 0.07573522644482523 0.0011566109611534565 0.046612658315045206 -4546.299425959138
 5.944550173920977 40.650656484787426 -6.267325493073939 0.07358760789694717 0.0012189669307530208 0.04728093713557674 -4524.7427516990965
 5.992815286909879 39.74095331435511 -6.229647415630101 0.07135147539921083 0.0012845021992647944 0.047943647230799157 -4501.813763210929
 6.040644918301091 38.84107319461728 -6.190920847208079 0.06904207015155837 0.0013534758881170227 0.048600396826429304 -4478.365757962157
 6.0880180884375 37.95136239049423 -6.1512269099009345 0.06666332261120687 0.0014261486841538264 0.04925098042713796 -4453.42346561579
 6.134914017880986 37.072472801586215 -6.1113528932959085 0.06423621634410062 0.0015027629023999524 0.049894981794091874 -4427.834721286198
 6.181312136526971 36.2050745616372 -6.071523932655167 0.06176839941768596 0.0015835347727606321 0.05053221904359221 -4400.662005601213
 6.227192092627144 35.35012818568963 -6.032867866750666 0.05928712447096352 0.0016686283400831586 0.05116224451775815 -4372.759397327868
 6.272533761716413 34.508658778994395 -5.9956936246462424 0.05680005426876725 0.001758146774806396 0.051784911500836285 -4343.223080251328
 6.317317255440159 33.68199979942488 -5.961382611211016 0.05433919432748205 0.0018521034523712608 0.05239973806515771 -4312.930405168817
 6.361522930277926 32.87141906795929 -5.9302537404390225 0.05191003213061317 0.0019504169672823332 0.05300662261957268 -4281.029592138198
 6.405131396159719 32.078524048013755 -5.903838479222061 0.049544670257378944 0.002052884751289083 0.053605048370635025 -4248.405559568155
 6.44812352497113 31.30475368023269 -5.88224384365356 0.04724281907347226 0.002159187929299911 0.05419497596591131 -4214.2792560780945
 6.49048045894356 30.55173855088741 -5.867068082165592 0.0450343654051416 0.002268872963047935 0.054775846007725865 -4179.549540886073
 6.532183618925856 29.82084492896322 -5.858004482352568 0.04290765451689769 0.0023813716318471217 0.05534770264357417 -4143.494324330716
 6.5732147125337494 29.11357726874097 -5.856527948767286 0.0408882933853661 0.0024959943012698178 0.05590993794217062 -4107.0288558011025
 6.613555742173494 28.430890470233447 -5.861802331795669 0.03895154589587984 0.0026119666064752084 0.05646269342576521 -4069.50007218465
 6.653189012936204 27.773912117848408 -5.8750947169703 0.037116275863895 0.0027284335924099064 0.05700530416890457 -4031.7987247511464
 6.692097140359433 27.143064938099158 -5.8948678009582 0.03534483456485726 0.0028445099591827877 0.05753802704409467 -3993.35167174988
 6.730263058052568 26.53886880411251 -5.922261661353933 0.03365165594623649 0.0029592890864625736 0.058060116544147375 -3955.013740554319
 6.767670025182711 25.96106898009581 -5.955027392982742 0.031986549512109434 0.0030718994855973188 0.058571964069957905 -3916.2644935314347
 6.804301633817769 25.409681056135685 -5.9942180121436985 0.03036364384832075 0.003181509988121372 0.05907272035898342 -3877.906476269036
 6.8401418161235075 24.88370037403607 -6.037036929925056 0.028724674028655216 0.0032873834829107986 0.059562920080603945 -3839.488838015215
 6.875174851411439 24.382737841484047 -6.084633666426466 0.027086291207270182 0.0033888701998687175 0.06004158679828866 -3801.7020986969637
 6.909385373034432 23.905292932470022 -6.133724326706368 0.0253870711295149 0.003485452491379292 0.06050941548076181 -3764.1890200042767
 6.9427583751270365 23.450717199582552 -6.18584732817908 0.023650795638922598 0.0035767216787685415 0.06096526787182988 -3727.5078235447327
 6.975279219187545 23.017155430288984 -6.237367586687931 0.02181486970169265 0.0036624122934604997 0.061410022552723514 -3691.3909932019164
 7.0069336404989295 22.604105686417643 -6.290303945172246 0.01991337431675539 0.0037423632184138736 0.06184235457344084 -3656.235891386722
 7.0377077543858135 22.209431861056306 -6.340857482926062 0.01788522375016285 0.0038165437543946005 0.06226334032664361 -3621.9209982252814
 7.067588062304754 21.832977787220937 -6.391632793294224 0.015773935978110273 0.0038850036019066384 0.0626714514366041 -3588.6058698213315
 7.096561457765143 21.47256223051627 -6.438623055458496 0.0135214445806995 0.0039478955396588505 0.063067984159615 -3556.3839607177856
 7.124615232078153 21.128475124105943 -6.485145072567471 0.011180133181966392 0.004005419776950378 0.06345118379558269 -3525.131642465359
 7.1517370799311815 20.798441635003424 -6.526977394871948 0.008693455025156553 0.004057847784919604 0.06382258903480326 -3495.2101986546913
 7.177915104785377 20.483465943341226 -6.568034261347725 0.0061213432937097636 0.004105466173065743 0.06418021110722427 -3466.1371905390615
 7.203137824093847 20.18103001846818 -6.603946756731496 0.0034086801121028906 0.004148603917224841 0.06452583437324888 -3438.668569734891
 7.227394174338285 19.892855495495624 -6.6391525851565225 0.000619115327233014 0.004187579440236943 0.06485724127116288 -3411.821953965015
 7.25067351588179 19.616215267967732 -6.6690283508373 -0.0023003907850955743 0.004222731554087197 0.06517646255582744 -3386.8957676160358
 7.272965637635775 19.353508953300487 -6.698522764091433 -0.005284933603322411 0.00425437149070108 0.0654810557262522 -3362.276703509692
 7.294260761538877 19.101588919023005 -6.722765478441378 -0.00838630944116012 0.0042828163137695755 0.06577328982267713 -3339.9610594710184
 7.31454954684594 18.863703076323425 -6.74699975783924 -0.011540065340375699 0.004308346917586796 0.06605052148368919 -3317.5093398603844
 7.3338230942251785 18.636096975905822 -6.766249048495977 -0.014795920932667003 0.004331241410937419 0.06631522421297967 -3297.872262594555
 7.352072949661716 18.422771468684687 -6.785896195459161 -0.018093181333090444 0.004351739724726261 0.06656459351832242 -3277.500152175038
 7.369291108165793 18.21944137550938 -6.800876244942766 -0.021477364773330884 0.0043700746272488464 0.06680126821932295 -3260.5943003800553
 7.385470017284026 18.03077615294374 -6.8166130444844635 -0.024893492747208885 0.004386443008763614 0.06702231417204722 -3242.1946604821956
 7.400602580412157 17.851818288367458 -6.828105955162693 -0.028382541953131044 0.004401032748878547 0.06723047674659732 -3228.096074395085
 7.414682159907862 17.68802294099572 -6.840533865528757 -0.031895599103159374 0.004414000779039634 0.06742269472610174 -3211.513105667143
 7.427702580002239 17.533728475906383 -6.849228931423116 -0.035468552326363874 0.0044254945021371655 0.06760165574061781 -3200.33191298124
 7.439658129508707 17.3949792488192 -6.858908147150768 -0.0390598420452679 0.004435636455696397 0.06776399966415274 -3185.3895631344917
 7.450543564328118 17.265633233450615 -6.86537655869341 -0.04269905424521462 0.00444453992501012 0.06791194174029447 -3177.2536851381383
 7.460354109748992 17.152191378877408 -6.872733361977384 -0.04635154366834016 0.004452299236081501 0.06804135400634345 -3163.737556133669
 7.469085462541867 17.047974194449267 -6.877469447847176 -0.05004258073203034 0.00445899987357548 0.06815357914394962 -3158.8594366186567
 7.476733792846833 16.960023077390225 -6.882813763430476 -0.05374055938593569 0.004464713052240391 0.06824398089104572 -3146.4426449910775
 7.4832957458534395 16.881194734617424 -6.886160024675619 -0.057471231822179746 0.004469501204331434 0.06831453917269532 -3145.1663025501093
 7.488768443272222 16.818825653552963 -6.8897590550117584 -0.061200094450433964 0.004473415485973514 0.06836297304631679 -3133.3749880137134
 7.49314948459722 16.765557201883333 -6.891930076663617 -0.06496294801091976 0.004476498216393674 0.06839502312249494 -3136.28863632233
 7.496436948158912 16.728929856488065 -6.89397237698237 -0.06870151434139263 0.004478782188951155 0.06841191347824156 -3124.189960687066
 7.49862939196713 16.701182489013323 -6.895076782962632 -0.07251738199109943 0.004480291653930631 0.06842138671296995 -3132.9137604053285
 7.499725854343557 16.69034336506328 -6.8957124641315035 -0.07624237078165827 0.004481042462806013 0.06842382002098192 -3116.942318121705
 7.502740194157274 16.664726805685948 -6.897229373665495 -0.0668329309567918 0.004483122289722651 0.06842805768576396 -3126.261254027986
 7.507120274647511 16.611076898256854 -6.8998429990980705 -0.05930214102947877 0.0044861168232753715 0.06843920756360647 -3117.0227911279108
 7.513680788509387 16.53631340301784 -6.902664250360527 -0.051809769485682736 0.00449052742638477 0.06844937648096297 -3114.055735190988
 7.5224102263723065 16.431633867568905 -6.907824902607012 -0.04433919523559711 0.004496259848692985 0.06846102127844202 -3102.535451433274
 7.533293273835977 16.306082208709057 -6.911870458618639 -0.03692868479238106 0.004503196760158915 0.06846949466098579 -3093.8036346398553
 7.546310838337064 16.151223785333816 -6.919070080310319 -0.029556526976964006 0.004511196761100173 0.06847874054111716 -3079.2410558612737
 7.561440082644032 15.975696223441796 -6.923808793502662 -0.022277637008035218 0.004520111507741804 0.0684847887507145 -3065.4850249003507
 7.578654464921417 15.771941340864279 -6.932284613289723 -0.015050456148912678 0.00452977228079092 0.0684918435339426 -3047.6738455624063
 7.597923785293217 15.547803504948163 -6.937233662729308 -0.007955309335294536 0.004540026580941628 0.06849609151496643 -3029.4473692228644
 7.619214238823742 15.296878297908798 -6.946268493357431 -0.0009260878689906195 0.004550700387865055 0.06850153947320954 -3008.4089501509397
 7.642488474822953 15.026065792534498 -6.951100647836151 0.005932698739950437 0.004561663322857642 0.06850459319041856 -2986.2096752970524
 7.667705662372269 14.730357007317536 -6.9601814176983705 0.012709808233926615 0.004572756179290632 0.06850886767364676 -2962.104010214581
 7.694821561955871 14.415491609316351 -6.964933735094671 0.019282589532138024 0.004583890653145354 0.0685111329568577 -2936.436978005817
 7.723788603071846 14.07808503569115 -6.973908976829253 0.025757547230228828 0.004594937743343059 0.0685145232230924 -2909.51429320656
 7.754555967687008 13.722718455492656 -6.97896073888012 0.03200255870082303 0.004605862475196283 0.06851625470860674 -2880.906176631334
 7.787069679389003 13.347472894670675 -6.988154127551535 0.03813335209778603 0.004616576962655776 0.06851895844441118 -2851.514442091827
 7.82127269807927 12.956092447855761 -6.994112499965289 0.04401813872159624 0.0046271057047408085 0.0685203216187089 -2820.4996314532596
 7.857105020040764 12.547793636923897 -7.004046551455395 0.04977134397027239 0.004637413084038474 0.06852248597655917 -2789.0833724116037
 7.8945037832048595 12.125658845380448 -7.011480313574312 0.055267250713309006 0.0046475907574135954 0.06852358916310768 -2756.2247567750464
 7.933403377432782 11.68976408580531 -7.0223683450852095 0.06060906995224598 0.0046576724687866855 0.06852533560343407 -2723.2903940703895
 7.973735559618085 11.242531000595388 -7.031104728565192 0.06567731438770669 0.004667830399834997 0.06852625309647965 -2689.183945094133
 8.015429573408246 10.784350596715987 -7.042117667251501 0.07055311367178514 0.004678188690770271 0.06852767944445487 -2655.28136818492
 8.058412273335357 10.316920641607155 -7.050338265406165 0.07511978252263007 0.0046890128262227415 0.0685284666931795 -2620.500675137546
 8.102608253138127 9.840194267849466 -7.058550979436843 0.07942563219064104 0.004700527131790918 0.06852964967066878 -2586.167464176651
 8.147939978050086 9.354725143433164 -7.061895216049429 0.08335052948223895 0.004713080011743444 0.06853034106243464 -2551.192051271059
 8.194327920821916 8.859373134445876 -7.061432895765962 0.08690433419065313 0.004726965487600626 0.06853133861540162 -2516.810186451409
 8.241690701239264 8.352972241037596 -7.052395187146867 0.08995984710023602 0.0047425476548202125 0.06853194806627096 -2481.894761008933
 8.289945228891302 7.8327182486459535 -7.03440140990384 0.09249214444645816 0.004760083673584802 0.0685327905511321 -2447.5221465368077
 8.339006848939523 7.2955969310609134 -7.002941382699173 0.09437530431485527 0.00477979756374104 0.06853331344624247 -2412.483820080847
 8.388789490631117 6.737104324734838 -6.957054105297162 0.09556976809855446 0.004801702636823783 0.06853400234212245 -2377.668288418221
 8.4392058182963 6.152996395465039 -6.8933277250322735 0.09597780152604549 0.004825626306355036 0.06853440909358181 -2341.717022298348
 8.490167384564764 5.53835342867083 -6.8117035308260485 0.09558893066053617 0.004851038769740752 0.06853492232119365 -2305.345327046739
 8.541584785532415 4.889627619560598 -6.711557929354863 0.09438346136839412 0.004877046944898593 0.06853516327244887 -2267.0627023630323
 8.59336781760621 4.204326287885709 -6.595988068747013 0.092444916627367 0.0049022556779079905 0.06853545841927326 -2227.4722051941744
 8.645425635751895 3.4833738390819513 -6.4694059945292475 0.08989811594190339 0.00492477899013435 0.0685354803683705 -2185.092111111417
 8.697666912867081 2.731044466223511 -6.340643737221411 0.08698897220089902 0.0049421930988453305 0.06853551474264567 -2140.64240983146
 8.75 1.9575882806796454 -6.221180641511903 0.08403764623098521 0.004951653191716269 0.06853528009674437 -2092.9123801387564
 8.802333087132919 1.1788709586267878 -6.126936505075491 0.08147881822381228 0.004950031560335035 0.06853504327012735 -2043.1299345619193
 8.854574364248105 0.41819414941325844 -6.076353574541922 0.07980412063715009 0.0049342365244247925 0.06853456303778693 -1990.7865341270058
 8.906632182393789 -0.2951117472120589 -6.090345050257211 0.07955236610603238 0.004901593287187606 0.06853410973774408 -1938.030096474846
 8.958415214467585 -0.9258025409564136 -6.189491313954386 0.08122606709627114 0.004850353856155228 0.06853347816626155 -1885.4538114439974
 9.009832615435236 -1.436454892753242 -6.392304933991398 0.08523581157330815 0.004780186999478808 0.06853295600529219 -1836.400050100963
 9.0607941817037 -1.7897545996123534 -6.7114843231503265 0.09180387835847467 0.0046926170073897325 0.0685323733689934 -1792.5856229406752
 9.111210509368883 -1.9541632830189741 -7.15162428338571 0.10090493482211349 0.004591243199795414 0.06853203541358033 -1758.3306194616566
 9.160993151060477 -1.90724346328798 -7.7062301826444735 0.11220548080868713 0.004481701779893256 0.06853180192260107 -1735.9432029575264
 9.210054771108698 -1.6405449186576688 -8.356656721754034 0.12505904390458722 0.004371306776870619 0.06853198775687717 -1729.8259351962122
 9.258309298760736 -1.1609821634388544 -9.071656939773389 0.13852732754223113 0.004268453730087886 0.06853246008466643 -1741.758582142787
 9.305672079178084 -0.4923455222578266 -9.808820589548349 0.15145138211953146 0.004181881310110233 0.06853352403759878 -1774.905240375406
 9.352060021949914 0.3270014095677155 -10.516343764178067 0.1625365459744945 0.004119953644338757 0.06853502254288994 -1829.1506678721357
 9.397391746861873 1.245878086187043 -11.13619777158048 0.1704596549487341 0.004090060983387068 0.06853721989222804 -1905.123163034658
 9.441587726664643 2.204883727357578 -11.606533198431508 0.17396994907210592 0.004098208181072559 0.06853989814710562 -1999.6799534577385
 9.484570426591754 3.1389338587964217 -11.865423737286 0.17198554360847862 0.004148765293257737 0.068543242308314 -2110.0859385425574
 9.526264440381915 3.9814940112607204 -11.85372063943176 0.16368860622823325 0.004244338672702239 0.0685469383593095 -2229.725178932177
 9.566596622567218 4.666613119341947 -11.519323885242994 0.1486088257408857 0.004385674999398801 0.06855105602779922 -2352.46782093909
 9.605496216795139 5.132154939958242 -10.820767157647335 0.1266873853065138 0.0045715364168014425 0.06855515695732507 -2468.82478785149
 9.642894979959236 5.321131474097454 -9.731246197533242 0.09832542281458849 0.0047984717537224 0.06855918030324633 -2570.600982951649
 9.67872730192073 5.184727567502965 -8.241174539510641 0.06437922605470572 0.005060421373710909 0.06856256282686238 -2647.443514054635
 9.712930320610997 4.683720463507559 -6.3600403196580455 0.02612150413493104 0.005348089365887853 0.06856513076053393 -2691.764007804597
 9.745444032312992 3.7908462519778072 -4.115725961482042 -0.014846965297244172 0.005648032745994743 0.0685662213250139 -2695.552683299595
 9.776211396928154 2.492599813383867 -1.5539916377816674 -0.05670324910580837 0.00594146620173582 0.06856561152946462 -2655.024839001864
 9.805178438044129 0.7915176726261848 1.2646591277089811 -0.09752071347346655 0.006202937922395245 0.06856261361543858 -2567.470584201315
 9.832294337627731 -1.291198482390866 4.265592607664648 -0.13538699936631293 0.006399317347993466 0.0685570507487278 -2435.190830548227
 9.857511525177049 -3.7126476205736183 7.362677895982768 -0.16850669374676375 0.006490014836089605 0.0685483755913047 -2262.180012030321
 9.88078576117626 -6.405410781533773 10.458246088934041 -0.19529007277148314 0.006429834190417429 0.06853665410424616 -2057.193460131946
 9.902076214706783 -9.275167825037691 13.444520311706816 -0.21447738028958735 0.006175942671597221 0.06852173558855197 -1829.9522930351934
 9.921345535078583 -12.20559099030904 16.20580751999612 -0.22524988591778228 0.005699445843202519 0.06850430073930006 -1593.6690506510008
 9.938559917355967 -15.06792725354818 18.6291600116927 -0.22736431017903716 0.004999663989095336 0.06848500102781784 -1360.340527952745
 9.953689161662936 -17.737674875118557 20.61753238575135 -0.22125892289434915 0.004116061913216574 0.06846543388752434 -1142.5843545815417
 9.966706726164023 -20.114253593949122 22.11496022965883 -0.2080460425923133 0.003130767831087896 0.06844697161658671 -949.3552840138125
 9.977589773627695 -22.13191232389406 23.1225056058802 -0.1893230978195003 0.0021557008283250006 0.0684311735497029 -787.6639930286011
 9.986319211490613 -23.755613057323362 23.705078490425922 -0.16688912011624635 0.0013041996514950702 0.06841814057181098 -659.3714294224987
 9.992879725352488 -24.975588998911626 23.973971732029387 -0.14236092359862199 0.0006572117918165672 0.06840753747609149 -566.1283201074551
 9.997259805842727 -25.789210912252273 24.059062658556897 -0.0759288245395343 0.00024318056366192425 0.06839894333576774 -504.6742099077182
 9.999451768811786 -26.196280428892763 24.07001477917699 -0.02352169742957444 0.00004761680699186232 0.06839397534382147 -475.22715539396637
