  5.482311882135105E-004   74.5939856190529      -0.699442072503518        19.6282015724615      -4.170653956717476E-035  1.256397017911257E-032  -2757.43452711278     
  2.740194157273279E-003   74.6820163518943      -0.699424262990254       1.692874103754036E-003 -2.074512430331173E-034  6.499002929875317E-032  -2756.83369646210     
  7.120274647511096E-003   74.8360002953294      -0.699245587696123       1.450892994275593E-003 -5.326400002445949E-034  1.849142762340280E-031  -2782.54366652071     
  1.368078850938578E-002   75.0988399119585      -0.698836617538857       3.078667290045942E-003 -1.006599322496141E-033  4.085859646834058E-031  -2780.93954178414     
  2.241022637230590E-002   75.4065540380006      -0.697562627340299       2.997067940835358E-003 -1.609957062886205E-033  8.122805229703017E-031  -2832.02357493400     
  3.329327383597702E-002   75.8394740591331      -0.695889472766516       4.582703725528475E-003 -2.320143729878998E-033  1.534619788354905E-030  -2830.10006960031     
  4.631083833706355E-002   76.2994689188730      -0.692183110310465       4.646804486621603E-003 -3.123617628553048E-033  2.882160770677755E-030  -2905.64298926427     
  6.144008264403235E-002   76.8919890632842      -0.688106312794530       6.024955133880272E-003 -3.993295369065409E-033  5.422119648957436E-030  -2904.48706992193     
  7.865446492141721E-002   77.4989162257966      -0.680578392981737       6.154923941513396E-003 -4.896075030496926E-033  1.044318700955640E-029  -3002.70410701524     
  9.792378529321730E-002   78.2321672393062      -0.672717799895300       7.329745599693442E-003 -5.753715708856867E-033  2.053655865923923E-029  -3003.54356594789     
  0.119214238823741        78.9730341388436      -0.660136336922778       7.450123785092669E-003 -6.644458308135964E-033  4.168360136812776E-029  -3121.51784849964     
  0.142488474822952        79.8178808239290      -0.646984703584284       8.406449819594654E-003 -7.462978534500539E-033  8.693438513444076E-029  -3125.32904577534     
  0.167705662372269        80.6686019621616      -0.628626716534998       8.459189594419261E-003 -8.437980568846577E-033  1.872319550668659E-028  -3258.87324186399     
  0.194821561955871        81.5862639386919      -0.609026588913903       9.155835841401515E-003 -3.394451526982503E-033  4.149192900260261E-028  -3265.98189853892     
  0.223788603071846        82.5109327872926      -0.585129250029498       9.102757779160697E-003 -7.134366737739467E-032  9.480136165215821E-028  -3409.80946642230     
  0.254555967687008        83.4573582828765      -0.558961691681854       9.501682346110861E-003  4.996403943537349E-031  2.228734278803336E-027  -3419.68645222563     
  0.287069679389002        84.4124427160920      -0.530957810138867       9.329946377401919E-003 -3.289584641510618E-030  5.390264688413853E-027  -3568.02277325616     
  0.321272698079270        85.3457533621462      -0.499579129594582       9.426655643455241E-003  1.771083973152287E-029  1.342101462449845E-026  -3579.43897626901     
  0.357105020040764        86.2886088588322      -0.469887508695447       9.151649681388204E-003 -8.317865133040006E-029  3.424422636784891E-026  -3726.95805935902     
  0.394503783204860        87.1765812369347      -0.435935781544739       8.990873982450442E-003  3.488213500395051E-028  9.020185215817753E-026  -3738.44626186146     
  0.433403377432783        88.0741889386065      -0.407391977396142       8.651501478187971E-003 -1.331603082099398E-027  2.417976446425674E-025  -3881.14441905759     
  0.473735559618085        88.8982928814107      -0.374066439145012       8.320629733521141E-003  4.697861004885452E-027  6.725180277256866E-025  -3891.50109039602     
  0.515429573408246        89.7318195372149      -0.349317803910348       7.968839198017661E-003 -1.548849760107771E-026  1.886846432896492E-024  -4027.11615570570     
  0.558412273335357        90.4865084398132      -0.319597786993171       7.575817867187529E-003  4.817145568032477E-026  5.516289659850937E-024  -4035.68461245779     
  0.602608253138127        91.2504397851120      -0.300743499251837       7.266197915789427E-003 -1.423516494506768E-025  1.615433689000845E-023  -4163.55934241106     
  0.647939978050086        91.9391138654294      -0.276929171240028       6.915924010767106E-003  4.021971669565303E-025  4.929251306682934E-023  -4170.22892186034     
  0.694327920821916        92.6369218234524      -0.265473839882886       6.699527081632297E-003 -1.091674197336724E-024  1.502424129286104E-022  -4290.81420218738     
  0.741690701239265        93.2670947542822      -0.249122338025487       6.478910499341690E-003  2.859079972594064E-024  4.746950464518020E-022  -4295.84037446890     
  0.789945228891301        93.9062949271970      -0.246146385230917       6.401697634103681E-003 -7.247359389519503E-024  1.499136014572966E-021  -4410.12393391235     
  0.839006848939523        94.4858569121727      -0.238266032467311       6.375496984815493E-003  1.783908456353405E-023  4.867994931087164E-021  -4413.91310253716     
  0.888789490631117        95.0743380415070      -0.244677248961177       6.479552090487299E-003 -4.271174110937295E-023  1.582624710049527E-020  -4522.97139031611     
  0.939205818296299        95.6095635180072      -0.246010106055370       6.693705397185309E-003  9.974376978716396E-023  5.245598134123639E-020  -4525.92109365543     
  0.990167384564762        96.1536983774391      -0.262781836712098       7.019192060590075E-003 -2.272548423299737E-022  1.742033063987868E-019  -4630.65857975488     
   1.04158478553241        96.6487269168376      -0.274066236159699       7.507152934783186E-003  5.066081916449579E-022  5.854244985465436E-019  -4633.07663612097     
   1.09336781760621        97.1528980948364      -0.302420999254588       8.093700332569054E-003 -1.103074754557672E-021  1.969727535463885E-018  -4734.12582287699     
   1.14542563575190        97.6100712105122      -0.324592312302682       8.882433370996019E-003  2.356220590518301E-021  6.665494349318355E-018  -4736.21156223808     
   1.19766691286708        98.0769800642394      -0.366121854041975       9.769250177537225E-003 -4.908969302347340E-021  2.253761190526588E-017  -4833.93402368929     
   1.25000000000000        98.4974734105540      -0.400446759444570       1.088308644260570E-002  1.007150176344068E-020  7.625464003596921E-017  -4835.79347937670     
   1.30233308713292        98.9287035027321      -0.457168712117446       1.210735325237328E-002 -2.002465981369487E-020  2.570731481742799E-016  -4930.32674817656     
   1.35457436424810        99.3131041167980      -0.505318136878774       1.356896755304348E-002  3.959817263247862E-020  8.634232339082003E-016  -4931.99875158518     
   1.40663218239379        99.7096267052646      -0.579665570088738       1.516211228839249E-002 -7.436385311282890E-020  2.880244093920609E-015  -5023.31209981719     
   1.45841521446759        100.058304581261      -0.643726957038242       1.699039232801944E-002  1.435129479583636E-019  9.534499174562630E-015  -5024.79180818832     
   1.50983261543524        100.420798946299      -0.738459264896142       1.897193422864261E-002 -2.463184702968607E-019  3.124236935881863E-014  -5112.73153539413     
   1.56079418170370        100.734050867689      -0.820879494001709       2.117670832658300E-002  4.875239344459391E-019  1.012208263466195E-013  -5113.98590898469     
   1.61121050936888        101.063023617466      -0.938896136617993       2.354560147336571E-002 -6.795091899828079E-019  3.235233790016684E-013  -5198.30254431490     
   1.66099315106048        101.341029216214       -1.04233687684039       2.611932281340336E-002  1.666048087556405E-018  1.018910492913019E-012  -5199.27719483515     
   1.71005477110870        101.636766547604       -1.18637165379453       2.884319068101484E-002 -1.054054695662110E-018  3.155250170485330E-012  -5279.63337516455     
   1.75830929876073        101.879421363293       -1.31345113557262       3.174991517764048E-002  6.849970022439639E-018  9.596677574059405E-012  -5280.25290179039     
   1.80567207917808        102.141826867719       -1.48562614624056       3.475325957774229E-002  5.358494242603231E-018  2.860706088781414E-011  -5356.21417332919     
   1.85206002194991        102.348535174797       -1.63851790199634       3.791573316442286E-002  3.952701456294473E-017  8.349814427496397E-011  -5356.38009889911     
   1.89739174686187        102.576922434117       -1.83974886285892       4.106915330085378E-002  8.212886663752297E-017  2.381166017592553E-010  -5427.39458021361     
   1.94158772666464        102.746463717174       -2.01961576457834       4.435569217471713E-002  2.821306912931999E-016  6.629336676093411E-010  -5426.98741625559     
   1.98457042659175        102.939407324530       -2.24889661781650       4.746940083412966E-002  7.199768268786271E-016  1.797838048417109E-009  -5492.36676294699     
   2.02626444038192        103.070033940379       -2.45517264962912       5.068367790080663E-002  2.026200143390170E-015  4.746296372996861E-009  -5491.26134175103     
   2.06659662256722        103.225434730332       -2.70884580248878       5.351002938862563E-002  5.182202641098807E-015  1.217011663798845E-008  -5550.18538347398     
   2.10549621679514        103.315378316672       -2.93846035835107       5.638884481314767E-002  1.321600107819414E-014  3.029273265951859E-008  -5548.28860810193     
   2.14289497995924        103.430930943180       -3.20970443927125       5.863944952969062E-002  3.200500450055232E-014  7.302909494567068E-008  -5599.86497578359     
   2.17872730192073        103.479411914172       -3.45648161901014       6.086516408031587E-002  7.524830318733768E-014  1.704293438649919E-007  -5597.17687589607     
   2.21293032061100        103.553591013595       -3.73536627653142       6.224663918076238E-002  1.693606883635906E-013  3.841749154318619E-007  -5640.58268642549     
   2.24544403231299        103.562162141618       -3.98996507594426       6.347962149548081E-002  3.667691584258556E-013  8.359538513685886E-007  -5637.26095726696     
   2.27621139692815        103.595587706300       -4.26438106295244       6.374598720302119E-002  7.603694913095415E-013  1.752439235845005E-006  -5671.96114279953     
   2.30517843804413        103.569265316931       -4.51511039437315       6.367492105913333E-002  1.510182418587973E-012  3.535976184415187E-006  -5668.34506871762     
   2.33229433762773        103.565939146258       -4.77253007116279       6.268437677220745E-002  2.866707146687579E-012  6.856044336889348E-006  -5694.32377893021     
   2.35751152517705        103.513405948922       -5.00702312847292       6.107997328537394E-002  5.198819597204451E-012  1.275332021640973E-005  -5690.87392877821     
   2.38078576117626        103.481139070433       -5.23649561391822       5.883280370437489E-002  8.995386728809288E-012  2.273024059695301E-005  -5708.77200616871     
   2.40207621470678        103.413685252720       -5.44368928553691       5.558617278991358E-002  1.483980847228756E-011  3.869983294289924E-005  -5705.92944529953     
   2.42134553507858        103.363353576168       -5.63720810782204       5.221063158012230E-002  2.331841602965463E-011  6.287757295191526E-005  -5717.00555268087     
   2.43855991735597        103.292979202382       -5.80880621658876       4.735933209559605E-002  3.486688065239679E-011  9.703881385760875E-005  -5715.03866177026     
   2.45368916166294        103.236873095046       -5.96155992221187       4.301360018300148E-002  4.954782336771591E-011  1.421939020454748E-004  -5720.95995168985     
   2.46670672616402        103.174406773375       -6.09243893589854       3.679179272707996E-002  6.682583293681814E-011  1.968289850430747E-004  -5719.88226489113     
   2.47758977362769        103.124327306334       -6.20194608078829       3.150715984752996E-002  8.544952603948290E-011  2.576667556083577E-004  -5722.42664369143     
   2.48631921149061        103.078184695419       -6.28895102842542       2.442441693110289E-002  1.035802222395148E-010  3.180316194723676E-004  -5722.02105257346     
   2.49287972535249        103.043849828097       -6.35299829350443       1.897566310947836E-002  1.191865861195239E-010  3.712891476738118E-004  -5722.77726466064     
   2.49725980584273        103.018148514099       -6.39425729525852       1.088649448174143E-002  1.305281012679108E-010  4.105118605847861E-004  -5723.01704699875     
   2.49945176881179        103.008765612836       -6.41414740166531       3.573604427958505E-003  1.364606129758868E-010  4.306850192162225E-004  -5720.69945377988     
   2.50137060803287        103.001931394838       -6.43290737788235       5.126755909355390E-003  1.421268097443262E-010  4.487713714628721E-004  -5723.09338426793     
   2.50356305184109        102.989028443016       -6.45485684847181       9.220564444037828E-003  1.489731843986212E-010  4.707914073258788E-004  -5723.00128293688     
   2.50685051540278        102.969978086287       -6.48775239443045       1.275975642518891E-002  1.598295122943561E-010  5.045519471144515E-004  -5722.85197263442     
   2.51123155672778        102.944493574231       -6.53153357496759       1.646893748012364E-002  1.754704607590695E-010  5.506269274827294E-004  -5722.90913848119     
   2.51670425414656        102.912099594235       -6.58608982084151       1.993530545556571E-002  1.970569977955150E-010  6.100118150986258E-004  -5722.79780262071     
   2.52326620715317        102.871368880017       -6.65138327252320       2.400981719359318E-002  2.262689288810474E-010  6.829116797557261E-004  -5722.86645074209     
   2.53091453745813        102.823511763248       -6.72709535383159       2.761366905098193E-002  2.655033567435405E-010  7.704360448697589E-004  -5722.16331778323     
   2.53964589025101        102.765019690641       -6.81332582515749       3.196467532617810E-002  3.181680777662467E-010  8.721329780478437E-004  -5722.32842506890     
   2.54945643567188        102.699255326462       -6.90923785402964       3.583137850233534E-002  3.891147658338895E-010  9.894126713495999E-004  -5720.55489659861     
   2.56034187049129        102.619559319389       -7.01542566924398       4.044263047315020E-002  4.852755675649095E-010  1.121109083513987E-003  -5720.84889326773     
   2.57229741999776        102.532731424162       -7.12993046801254       4.468875145032006E-002  6.166074065691856E-010  1.268941270861165E-003  -5717.41568031283     
   2.58531784009214        102.427827117767       -7.25451549318094       4.953264168017889E-002  7.974733760927392E-010  1.431191160609777E-003  -5717.86166479232     
   2.59939741958784        102.316176231043       -7.38513679713335       5.423897049445564E-002  1.048712300698493E-009  1.609751327886726E-003  -5712.13100385366     
   2.61452998271597        102.181743224618       -7.52577671457879       5.929318949250291E-002  1.400617436193422E-009  1.802655250093797E-003  -5712.72801159510     
   2.63070889183421        102.041070656617       -7.66899953243563       6.449178089884902E-002  1.897464472100790E-009  2.011702934983890E-003  -5704.07515455877     
   2.64792705033828        101.872813641236       -7.82238301312449       6.974027933724411E-002  2.603779173686745E-009  2.235057009032543E-003  -5704.79263178206     
   2.66617690577482        101.698747258187       -7.97359660692415       7.540977306010552E-002  3.614103713368329E-009  2.474097510048163E-003  -5692.67949088249     
   2.68545045315406        101.492781912268       -8.13533414037729       8.083575390565972E-002  5.065508524379377E-009  2.727490858267021E-003  -5693.45925806007     
   2.70573923846112        101.281132538998       -8.28894645418405       8.690326620368714E-002  7.158065557533548E-009  2.995887903027311E-003  -5677.51055122899     
   2.72703436236422        101.034347301480       -8.45361184245187       9.247893697302860E-002  1.017759689491919E-008  3.278763143043124E-003  -5678.27716104590     
   2.74932648411821        100.781501072650       -8.60336171382548       9.882728161126647E-002  1.453692813118090E-008  3.575810378070877E-003  -5658.34398927562     
   2.77260582566172        100.491809782729       -8.76473689679047       0.104504913393686       2.081118522991603E-008  3.887501979208782E-003  -5659.02127322496     
   2.79686217590615        100.195064957691       -8.90417647150728       0.110984091599379       2.981749098972383E-008  4.212463383935323E-003  -5635.21570360648     
   2.82208489521462        99.8614808768655       -9.05569758557798       0.116691729437968       4.265520533913040E-008  4.552223831579202E-003  -5635.74448738803     
   2.84826292006882        99.5192336466225       -9.17876206295132       0.123133349407995       6.085480349453242E-008  4.904352389747781E-003  -5608.43377950091     
   2.87538476792185        99.1417429422988       -9.31409582914946       0.128776582306607       8.638926270161606E-008  5.271371622461582E-003  -5608.78494455484     
   2.90343854223486        98.7534670979001       -9.41564730180650       0.135009395548789       1.219469099182456E-007  5.649914006509715E-003  -5578.54459773346     
   2.93241193769525        98.3327405220487       -9.52927921293040       0.140478543885201       1.708308184540305E-007  6.043334673301792E-003  -5578.72348628763     
   2.96229224561419        97.8987740636332       -9.60552103081161       0.146343057572341       2.374532972118185E-007  6.447527946765876E-003  -5546.25985205462     
   2.99306635950107        97.4358018024808       -9.69323502232841       0.151523676170769       3.269678117230472E-007  6.866457481838259E-003  -5546.30143846169     
   3.02472078081245        96.9570153049811       -9.74193608042123       0.156884069533985       4.461485791552064E-007  7.295522155192749E-003  -5512.36205130119     
   3.05724162487296        96.4527631756215       -9.80110611658388       0.161668187517006       6.025160451448018E-007  7.739042012401175E-003  -5512.31949363366     
   3.09061462696557        95.9302120954871       -9.82162814126769       0.166420443814497       8.058438046062940E-007  8.192174339672337E-003  -5477.60992557120     
   3.12482514858856        95.3853771878716       -9.85130025858338       0.170716363509543       1.066468807962806E-006  8.659346561008974E-003  -5477.54070890168     
   3.15985818387649        94.8200278271719       -9.84446304995507       0.174792334552004       1.397729369998281E-006  9.135711806565812E-003  -5442.66170394139     
   3.19569836618223        94.2349325371643       -9.84525504365534       0.178531663517601       1.813129589040781E-006  9.625583145192945E-003  -5442.61536161049     
   3.23232997481729        93.6275132760874       -9.81309418659690       0.181899433236865       2.330011606467809E-006  1.012431069099930E-002  -5408.02646648132     
   3.26973694194743        93.0021361044945       -9.78696578925857       0.185040888059485       2.965306890335191E-006  1.063591461439771E-002  -5408.03645874962     
   3.30790285964057        92.3531221716585       -9.73243692066346       0.187702170437291       3.740640065612268E-006  1.115609518497075E-002  -5374.04546436394     
   3.34681098706380        91.6872340155118       -9.68238722193903       0.190232319862564       4.676574811077187E-006  1.168845217383967E-002  -5374.12607462715     
   3.38644425782651        90.9969406435145       -9.60905938209786       0.192217741206271       5.799113539257987E-006  1.222913707654900E-002  -5340.89904792439     
   3.42678528746625        90.2903009651607       -9.53879916160641       0.194149204896865       7.132637312380009E-006  1.278125368457231E-002  -5341.04675613178     
   3.46781638107414        89.5590423321722       -9.45056565772257       0.195512279408549       8.707417431042030E-006  1.334145574207081E-002  -5308.63153869179     
   3.50951954105644        88.8116089044366       -9.36419913964398       0.196880036891710       1.055183074427353E-005  1.391232288863844E-002  -5308.82951320146     
   3.55187647502887        88.0398776577187       -9.26502270510656       0.197690541411996       1.270008338070080E-005  1.449101863224401E-002  -5277.18568417211     
   3.59486860384028        87.2519920935120       -9.16676134287441       0.198547024118212       1.518469852706420E-005  1.507960957155028E-002  -5277.40978160617     
   3.63847706972207        86.4406218574811       -9.06046253599643       0.198884365640858       1.804324291020923E-005  1.567574223563428E-002  -5246.43937540092     
   3.68268274455984        85.6131460700167       -8.95438450537799       0.199293965274341       2.131245702337674E-005  1.628101058970599E-002  -5246.66420084932     
   3.72746623828359        84.7634319598480       -8.84447745082833       0.199241026539438       2.503245493547809E-005  1.689349347436562E-002  -5216.23920766141     
   3.77280790737286        83.8978242259044       -8.73434013126518       0.199274581782596       2.924411772217044E-005  1.751437164241101E-002  -5216.44318219961     
   3.81868786347303        83.0115897745360       -8.62391646041818       0.198912418652892       3.398908065563874E-005  1.814209147802922E-002  -5186.42756122455     
   3.86508598211901        82.1099206294675       -8.51302427026290       0.198642144865978       3.931207567046977E-005  1.877748964768189E-002  -5186.59641255305     
   3.91198191156250        81.1895308905355       -8.40468340892007       0.198045785809911       4.525507483981882E-005  1.941930968609395E-002  -5156.86175972919     
   3.95935508169891        80.2544473193501       -8.29580918290267       0.197540990616067       5.186611392982104E-005  2.006811558158641E-002  -5156.99028208628     
   4.00718471309012        79.3027758244717       -8.19163056945002       0.196776454702411       5.918623899063819E-005  2.072287824072281E-002  -5127.42532180827     
   4.05544982607902        78.3374267723060       -8.08698503731378       0.196100244020281       6.726597479713373E-005  2.138395765691651E-002  -5127.51757722733     
   4.10412924999188        77.3577882213254       -7.98853556663264       0.195222761412293       7.614419632409492E-005  2.205048664575085E-002  -5098.03229335223     
   4.15320163242450        76.3657257102203       -7.88977662666623       0.194429800926820       8.587286321977949E-005  2.272268474282247E-002  -5098.10062277538     
   4.20264544860809        75.3617872662611       -7.79814497015733       0.193483106331290       9.648755285154604E-005  2.339978667981485E-002  -5068.62616243071     
   4.25243901085073        74.3468562074782       -7.70641667590471       0.192618380751674       1.080404312482714E-004  2.408192995707713E-002  -5068.68944835715     
   4.30256047805033        73.3225389855432       -7.62226543456160       0.191634870949264       1.205628639426121E-004  2.476839556009796E-002  -5039.17499909675     
   4.35298786527485        72.2887661173539       -7.53825611321933       0.190733292583519       1.341059136373723E-004  2.545929439211143E-002  -5039.25659742611     
   4.40369905340561        71.2481459184671       -7.46188310446922       0.189734801746340       1.486961104209760E-004  2.615389935765042E-002  -5009.66433463671     
   4.45467179883948        70.1996350985771       -7.38589273322461       0.188821468194289       1.643821330564013E-004  2.685235096166576E-002  -5009.79000677228     
   4.50588374324565        69.1468485222996       -7.31729392983408       0.187820417453144       1.811854021818489E-004  2.755385666735027E-002  -4980.08900675799     
   4.55731242337272        68.0876865452624       -7.24930251109491       0.186911304187581       1.991510781048664E-004  2.825864837561653E-002  -4980.28506745369     
   4.60893528090186        67.0268459047367       -7.18823090810996       0.185912015452584       2.182955884661117E-004  2.896580253817796E-002  -4950.44484095963     
   4.66072967234160        65.9610204912279       -7.12796168184447       0.185014904627202       2.386597033365798E-004  2.967571526685783E-002  -4950.73661908682     
   4.71267287896005        64.8961387552923       -7.07397828574085       0.184014919863892       2.602553927750480E-004  3.038725267601186E-002  -4920.72068220397     
   4.76474211675004        63.8274685088970       -7.02095178223056       0.183130400735196       2.831185422361999E-004  3.110106450745176E-002  -4921.13128688943     
   4.81691454642296        62.7623938715050       -6.97346668670605       0.182121704169850       3.072576444773515E-004  3.181570794415712E-002  -4890.89097789875     
   4.86916728342686        61.6944687863871       -6.92704356129683       0.181244122772176       3.327037013652065E-004  3.253219776173537E-002  -4891.44027847566     
   4.92147740798430        60.6328273501709       -6.88534653729287       0.180214216063608       3.594631905194942E-004  3.324865920548784E-002  -4860.90886534449     
   4.97382197514580        59.5689577833688       -6.84475873041562       0.179332495786744       3.875628613396712E-004  3.396661032691249E-002  -4861.61253152590     
   5.07852259201570        57.4572740094443       -6.77241105859662       0.177363621077049       4.478260991424098E-004  3.540179629215346E-002  -4831.56795374849     
   5.13083271657314        56.4122354270399       -6.73977356166091       0.176240371218273       4.800227463751796E-004  3.611799507033300E-002  -4800.15363487364     
   5.18308545357704        55.3650696719641       -6.70813078518096       0.175298594984749       5.136227197258085E-004  3.683525397623500E-002  -4801.19043757864     
   5.23525788324996        54.3325116093356       -6.67859790744390       0.174098478296493       5.486413930137831E-004  3.754936082824497E-002  -4769.12022548789     
   5.28732712103995        53.2972278010441       -6.64987941038533       0.173092718801529       5.851058661055646E-004  3.826449143988851E-002  -4770.32039275642     
   5.33927032765839        52.2794009480495       -6.62240179798165       0.171793812802326       6.230424458237297E-004  3.897519736039635E-002  -4737.39951692947     
   5.39106471909814        51.2577871184461       -6.59546631474168       0.170696879587749       6.624873631054948E-004  3.968703157815427E-002  -4738.74676665421     
   5.44268757662728        50.2564891013290       -6.56893631395621       0.169277240240611       7.034840503608917E-004  4.039303161864944E-002  -4704.73528642457     
   5.49411625675436        49.2498857790023       -6.54258458018236       0.168059528227335       7.460856152738768E-004  4.110041589912704E-002  -4706.19897006706     
   5.54532820116052        48.2664354623250       -6.51586868827036       0.166498780168814       7.903604592452863E-004  4.180041468701069E-002  -4670.80803177431     
   5.59630094659439        47.2757488669630       -6.48888990704717       0.165129810918052       8.363884133006179E-004  4.250220572293176E-002  -4672.33983317540     
   5.64701213472515        46.3109936013051       -6.46089263049582       0.163411445846067       8.842719202791974E-004  4.319492378726265E-002  -4635.23048267282     
   5.69743952194967        45.3367612702626       -6.43215070099633       0.161862434606741       9.341285010733163E-004  4.388997946854691E-002  -4636.76165802024     
   5.74756098914927        44.3911437210222       -6.40192274910208       0.159976952622440       9.861032701725168E-004  4.457416020095972E-002  -4597.54816602394     
   5.79735455139191        43.4336805824457       -6.37049389617492       0.158224626968880       1.040360844335235E-003  4.526132528160064E-002  -4598.98846285824     
   5.84679836757550        42.5073942832895       -6.33739104159017       0.156173399820565       1.097093621626683E-003  4.593574239810724E-002  -4557.24860944572     
   5.89587075000812        41.5670418935407       -6.30275334004668       0.154204949932413       1.156516295828764E-003  4.661382968122374E-002  -4558.48830687180     
   5.94455017392098        40.6602941879901       -6.26663689099316       0.152004244308120       1.218863568512204E-003  4.727729512582218E-002  -4513.78313909369     
   5.99281528690988        39.7377739472803       -6.22889158180072       0.149822719050006       1.284390173515621E-003  4.794506494731436E-002  -4514.69964046953     
   6.04064491830109        38.8511463855006       -6.19033786224997       0.147506776217894       1.353352120994052E-003  4.859643714923211E-002  -4466.60451907093     
   6.08801808843750        37.9479776393860       -6.15041557098485       0.145135588990871       1.426014782102535E-003  4.925257996079190E-002  -4467.07437913280     
   6.13491401788099        37.0828295420299       -6.11087615767443       0.142757234635191       1.502613879514635E-003  4.989077211906571E-002  -4415.22139892282     
   6.18131213652697        36.2017240610637       -6.07065728430954       0.140241986107605       1.583373945575073E-003  5.053390030928036E-002  -4415.13745853667     
   6.22719209262714        35.3605378064973       -6.03249515138279       0.137869241974960       1.668449093213410E-003  5.115788798932398E-002  -4359.26655766492     
   6.27253376171641        34.5056419389697       -5.99476572495278       0.135275130616738       1.757954080929830E-003  5.178654302030137E-002  -4358.55810416621     
   6.31731725544016        33.6921796959830       -5.96109757347847       0.132982960555476       1.851889692614540E-003  5.239536995659332E-002  -4298.57079645629     
   6.36152293027793        32.8690278862304       -5.92928167660945       0.130386861442966       1.950188470557995E-003  5.300804886336562E-002  -4297.22279302237     
   6.40513139615972        32.0881808744005       -5.90359261376587       0.128244543701313       2.052633840933378E-003  5.360082948125176E-002  -4233.22937595523     
   6.44812352497113        31.3032681566272       -5.88125549801268       0.125722372242688       2.158921772900345E-003  5.419603051555371E-002  -4231.29552388771     
   6.49048045894356        30.5605443554147       -5.86681886352350       0.123778771559969       2.268584823182501E-003  5.477194718204526E-002  -4163.64509905820     
   6.53218361892586        29.8205252419883       -5.85701422015659       0.121390644943791       2.381068936037711E-003  5.534822839659140E-002  -4161.24963784799     
   6.57321471253375        29.1212343844850       -5.85623174343323       0.119661234824206       2.495672057050240E-003  5.590652097454448E-002  -4090.53356565152     
   6.61355574217349        28.4318905819039       -5.86084755024892       0.117438453957844       2.611631850761804E-003  5.646255974887310E-002  -4087.85884504278     
   6.65318901293620        27.7802129075240       -5.87468980569008       0.115898436567192       2.728083614914392E-003  5.700250557834079E-002  -4014.88288546602     
   6.69209714035943        27.1454514287464       -5.89398878406547       0.113836505622004       2.844150735170044E-003  5.753714454831809E-002  -4012.14366468895     
   6.73026305805257        26.5436596677448       -5.92172071119428       0.112423083036513       2.958920309650919E-003  5.805802957901199E-002  -3937.87119857431     
   6.76767002518271        25.9648393271170       -5.95423576425108       0.110483312449822       3.071525547318171E-003  5.857029755083031E-002  -3935.28107020708     
   6.80430163381777        25.4129237104188       -5.99353327100316       0.109107184775374       3.181132737597051E-003  5.907138371457701E-002  -3860.75712006088     
   6.84014181612351        24.8887203978448       -6.03636296680050       0.107226357453201       3.287005337055677E-003  5.956048832652097E-002  -3858.49544568261     
   6.87517485141144        24.3845327790554       -6.08378851546420       0.105789110052301       3.388494779176339E-003  6.004098597586888E-002  -3784.76582023638     
   6.90938537303443        23.9113683521321       -6.13319261098725       0.103893731786268       3.485080027969053E-003  6.050628415108952E-002  -3782.95352445638     
   6.94275837512703        23.4512127547860       -6.18486872817645       0.102305716359410       3.576357085981251E-003  6.096533849649790E-002  -3710.99343709025     
   6.97527921918755        23.0240790199426       -6.23696493185847       0.100326111406578       3.662053730180446E-003  6.140629638366270E-002  -3709.68285000863     
   7.00693364049893        22.6035291929578       -6.28923284021794       9.851979659680327E-002  3.742016384523977E-003  6.184299245373098E-002  -3640.34511996712     
   7.03770775438581        22.2169330572384       -6.34059164405065       9.640025567858555E-002  3.816205054217908E-003  6.225914650046500E-002  -3639.52432682717     
   7.06758806230475        21.8316207348380       -6.39048596256475       9.433638889781647E-002  3.884679145587347E-003  6.267253055417811E-002  -3573.51096517565     
   7.09656145776514        21.4803956891089       -6.43849805481120       9.203986512630233E-002  3.947580396299655E-003  6.306345715600238E-002  -3573.11898297685     
   7.12461523207815        21.1265826239793       -6.48396850651901       8.970664800107515E-002  4.005120134777493E-003  6.345256740249498E-002  -3510.97425175588     
   7.15173707993118        20.8064183087162       -6.52696346367973       8.721469916719854E-002  4.057557926424399E-003  6.381786345908221E-002  -3510.92129426133     
   7.17791510478538        20.4812824683784       -6.56687051031844       8.462213488198028E-002  4.105192034569152E-003  6.418176165292433E-002  -3453.04090396164     
   7.20313782409385        20.1889478406679       -6.60404255012582       8.193197501388930E-002  4.148339489482737E-003  6.452103473634403E-002  -3453.22820980245     
   7.22739417433828        19.8906160030786       -6.63800664831139       7.910410349866523E-002  4.187330211221724E-003  6.485883236614072E-002  -3399.87842601695     
   7.25067351588179        19.6239386317354       -6.66923204696313       7.622466426116993E-002  4.222491569583212E-003  6.517169764279429E-002  -3400.21381758471     
   7.27296563763578        19.3513513756810       -6.69742202627154       7.319192208735169E-002  4.254145628017214E-003  6.548257405624584E-002  -3351.55509636354     
   7.29426076153888        19.1090493214365       -6.72304340973017       7.014020128754959E-002  4.282598992799282E-003  6.576865499109338E-002  -3351.96257159442     
   7.31454954684594        18.8617513351934       -6.74596709458798       6.693329259957988E-002  4.308142234184768E-003  6.605186797360119E-002  -3308.07388368657     
   7.33382309422518        18.6432070870023       -6.76659413816477       6.373150240227557E-002  4.331044372188359E-003  6.631079824397690E-002  -3308.49737159108     
   7.35207294966172        18.4211342258526       -6.78492529100926       6.037743449521754E-002  4.351553589647585E-003  6.656568881269719E-002  -3269.39884138822     
   7.36929110816579        18.2261734931578       -6.80127637424552       5.705085757939669E-002  4.369895086510202E-003  6.679711127504850E-002  -3269.80143900451     
   7.38547001728403        18.0294773070331       -6.81572913808216       5.357132293313155E-002  4.386272461361733E-003  6.702309704371745E-002  -3235.47399923742     
   7.40060258041216        17.8581860701697       -6.82852078823262       5.014644662636599E-002  4.400867668137210E-003  6.722663304228768E-002  -3235.83450003249     
   7.41468215990786        17.6871093214407       -6.83976907509334       4.655832125072684E-002  4.413842713069581E-003  6.742312262908917E-002  -3206.23596711032     
   7.42770258000224        17.5396994244926       -6.84964899019797       4.306086945822393E-002  4.425340743817579E-003  6.759814892888669E-002  -3206.54439277314     
   7.43965812950871        17.3944984228682       -6.85828131007843       3.937776883187355E-002  4.435487843486066E-003  6.776405508691241E-002  -3181.62183276596     
   7.45054356432812        17.2712182468259       -6.86579427951750       3.583100755777780E-002  4.444394535851485E-003  6.790876973716711E-002  -3181.87521009660     
   7.46035410974899        17.1521208800387       -6.87229208620692       3.206410451269873E-002  4.452157393546335E-003  6.804104501700799E-002  -3161.57378564748     
   7.46908546254187        17.0532025965836       -6.87786667719458       2.848863382227393E-002  4.458860363982051E-003  6.815071084497881E-002  -3161.77291265612     
   7.47673379284683        16.9603921196210       -6.88259716590157       2.464802462733245E-002  4.464575881071127E-003  6.824334770568197E-002  -3146.04146403531     
   7.48329574585344        16.8860201345730       -6.88654580696352       2.106136074672895E-002  4.469365694349703E-003  6.831191583690306E-002  -3146.19077176011     
   7.48876844327222        16.8196490677547       -6.88976750182881       1.712445587578877E-002  4.473281481689243E-003  6.836208864616855E-002  -3134.97777548801     
   7.49314948459722        16.7702051521072       -6.89229710557693       1.357370661734727E-002  4.476365335343986E-003  6.839245508216510E-002  -3135.02264182489     
   7.49643694815891        16.7298814751584       -6.89415867724666       1.029682799541671E-002  4.478650188957034E-003  6.841097987989496E-002  -3128.62628528618     
   7.49862939196713        16.7039430809396       -6.89540798467518       6.048315873273741E-003  4.480160236919906E-003  6.841971682310573E-002  -3128.84262437977     
   7.49972585434356        16.6932721976674       -6.89603933884195       2.124023777974549E-003  4.480911340780105E-003  6.842203686289519E-002  -3122.36337662170     
   7.50274019415727        16.6702948027234       -6.89760310347358       1.037629700705077E-002  4.482992016390652E-003  6.842487924542523E-002  -3123.25012124211     
   7.50712027464751        16.6125096878670       -6.89988967000809       1.922317004617456E-002  4.485987833784336E-003  6.843853586764080E-002  -3122.95668392775     
   7.51368078850939        16.5405554712540       -6.90325893127917       2.666447998330414E-002  4.490400248730648E-003  6.844653225148715E-002  -3109.06414530874     
   7.52241022637231        16.4314688267393       -6.90756658334160       3.418537372584938E-002  4.496135586996013E-003  6.846140782211371E-002  -3109.75809260963     
   7.53329327383598        16.3119726341974       -6.91271183723953       4.145944627179028E-002  4.503075163145301E-003  6.846556069065085E-002  -3087.31439289889     
   7.54631083833706        16.1499319715601       -6.91851369411635       4.896527652684823E-002  4.511080242193241E-003  6.847976519356658E-002  -3088.00547478278     
   7.56144008264403        15.9827875721871       -6.92487164426459       5.612233226539336E-002  4.519997612141302E-003  6.848014930467071E-002  -3057.41752067082     
   7.57865446492142        15.7699374695647       -6.93151241263780       6.346769001474237E-002  4.529665918200905E-003  6.849318689194897E-002  -3057.95201323725     
   7.59792378529322        15.5556964632457       -6.93850864446952       7.046948200628411E-002  4.539921303558492E-003  6.849105948603569E-002  -3019.87715262569     
   7.61921423882374        15.2945729449140       -6.94535405757208       7.758875211526528E-002  4.550605029097350E-003  6.850298607889242E-002  -3020.08266668739     
   7.64248847482295        15.0344152735606       -6.95258383009284       8.441048248342335E-002  4.561565619411924E-003  6.849940292255705E-002  -2975.27745337521     
   7.66770566237227        14.7280872242683       -6.95920788959329       9.122204183499133E-002  4.572670494357424E-003  6.851027059429990E-002  -2975.02277735926     
   7.69482156195587        14.4240017398404       -6.96658429419157       9.783568078863626E-002  4.583797414025792E-003  6.850596300218749E-002  -2924.30393985761     
   7.72378860307185        14.0761501067079       -6.97294530524821       0.104268339131015       4.594858386719959E-003  6.851576750417854E-002  -2923.52387714331     
   7.75455596768701        13.7311004165339       -6.98074456764959       0.110637438896801       4.605769174018375E-003  6.851124906841134E-002  -2867.74220620342     
   7.78706967938900        13.3461202667631       -6.98724218099227       0.116644615882803       4.616499432092002E-003  6.851994620128773E-002  -2866.45519322812     
   7.82127269807927        12.9641260471757       -6.99598182759009       0.122724660209071       4.627007893594558E-003  6.851559986641186E-002  -2806.48124632650     
   7.85710502004076        12.5471692820327       -7.00326521107757       0.128285218900072       4.637333057229569E-003  6.852313288742125E-002  -2804.79835412972     
   7.89450378320486        12.1332059164651       -7.01336141978516       0.134022863436690       4.647486070420918E-003  6.851924845585168E-002  -2741.51692600193     
   7.93340337743278        11.6899608264313       -7.02180544324392       0.139127723890504       4.657587955549849E-003  6.852557926810943E-002  -2739.63859694427     
   7.97373555961808        11.2494892805246       -7.03296255222276       0.144453427786661       4.667720645844377E-003  6.852235711553227E-002  -2673.93714465369     
   8.01542957340825        10.7854078012258       -7.04182267105607       0.149078205022736       4.678102743298446E-003  6.852749302923251E-002  -2672.13032478335     
   8.05841227333536        10.3232703590494       -7.05216017343454       0.153889911814353       4.688906156993333E-003  6.852503705839122E-002  -2604.85717146475     
   8.10260825313813        9.84201342758256       -7.05855489969272       0.157957163392958       4.700450059136332E-003  6.852904073189076E-002  -2603.39845255779     
   8.14793997805009        9.36053895716119       -7.06364443457531       0.162099131907796       4.712992201984427E-003  6.852736298027449E-002  -2535.26695488043     
   8.19432792082192        8.86173025246279       -7.06172675983658       0.165440729273798       4.726915025543676E-003  6.853033139127122E-002  -2534.33345578660     
   8.24169070123926        8.35831926213695       -7.05399543233912       0.168691203455223       4.742500599919984E-003  6.852938827738177E-002  -2465.76300548693     
   8.28994522889130        7.83531238999189       -7.03493931647392       0.171031501819819       4.760080285197632E-003  6.853138845067636E-002  -2465.26234530919     
   8.33900684893952        7.30048481520289       -7.00419647440159       0.173122206277114       4.779812993913715E-003  6.853116335236699E-002  -2396.18004770041     
   8.38878949063112        6.73962127780630       -6.95783426069413       0.174112146167976       4.801757413107753E-003  6.853212091289991E-002  -2395.54209437604     
   8.43920581829630        6.15727474009193       -6.89385562614168       0.174805810425947       4.825712711419451E-003  6.853275590429796E-002  -2325.22236435476     
   8.49016738456476        5.54072681235542       -6.81282208423182       0.174140481654264       4.851134245191992E-003  6.853231053699080E-002  -2323.23091067638     
   8.54158478553241        4.89280464302922       -6.71082770634498       0.173383528409858       4.877180494513233E-003  6.853426824952379E-002  -2250.32035257278     
   8.59336781760621        4.20712510010791       -6.59768525783994       0.171022096936910       4.902324443790214E-003  6.853163833158049E-002  -2245.13611215544     
   8.64542563575190        3.48453805661258       -6.46683304664094       0.169159188785652       4.924885935322543E-003  6.853584293328939E-002  -2168.07777569327     
   8.69766691286708        2.73580860663300       -6.34334605457907       0.165619850719133       4.942107674320810E-003  6.852977479256284E-002  -2157.66499245801     
   8.75000000000000        1.95543318855661       -6.21632471377363       0.163591648545556       4.951609836534830E-003  6.853764463042433E-002  -2075.73520997728     
   8.80233308713292        1.18832848311102       -6.13114346657496       0.160198184625501       4.949629334656481E-003  6.852654745364878E-002  -2058.86885250164     
   8.85457436424810       0.411088827330809       -6.06923216344604       0.159548450964260       4.933909195986160E-003  6.853980481104081E-002  -1973.84446038975     
   8.90663218239379      -0.277378974161775       -6.09630706673531       0.158386009284168       4.900758846572507E-003  6.852217107605631E-002  -1951.61775030553     
   8.95841521446759      -0.939474728265927       -6.18078360457753       0.160853243740744       4.849689978882178E-003  6.854232175064852E-002  -1869.60031250451     
   9.00983261543524       -1.40738000847313       -6.39959270627319       0.164176104164971       4.778980693134009E-003  6.851748292721946E-002  -1846.85132373156     
   9.06079418170370       -1.81107160446368       -6.70247385756942       0.170789647052088       4.691752289314615E-003  6.854493322240197E-002  -1779.14821326883     
   9.11121050936888       -1.91335139196411       -7.15870592739645       0.179890580912603       4.589997085820062E-003  6.851407578791580E-002  -1764.77097510667     
   9.16099315106048       -1.93606428627980       -7.69855980008381       0.189909887257555       4.480995393747393E-003  6.854702242417930E-002  -1726.52047425741     
   9.21005477110870       -1.59257665395418       -8.36099825778889       0.203976269899406       4.370571318997153E-003  6.851417343280988E-002  -1731.76019621739     
   9.25830929876074       -1.19487973885291       -9.06699858125422       0.214420917757586       4.268382517022367E-003  6.854765598574265E-002  -1737.73047943831     
   9.30567207917808      -0.447730998998638       -9.80797371485550       0.230169436042465       4.182199877400112E-003  6.852009838006294E-002  -1772.52113916654     
   9.35206002194991       0.293654800587983       -10.5164768789551       0.236491765078965       4.120907602523216E-003  6.854585391468673E-002  -1830.97515609976     
   9.39739174686187        1.27227821684858       -11.1295739666343       0.248887338656484       4.091716297589341E-003  6.853333112083944E-002  -1899.56647266379     
   9.44158772666464        2.18102332341177       -11.6137937434178       0.246507504840545       4.100317636598683E-003  6.854109891322589E-002  -2006.17197036153     
   9.48457042659176        3.13182825036718       -11.8560372359541       0.250121641701072       4.151663302720561E-003  6.855341950601722E-002  -2103.72604154915     
   9.52626444038192        3.97767037680819       -11.8714466995491       0.236047164091187       4.247419603621802E-003  6.853387956395690E-002  -2237.53533220733     
   9.56659662256722        4.61562928540161       -11.5146689092802       0.226565358555723       4.389388404427204E-003  6.857719921415277E-002  -2349.03385308853     
   9.60549621679514        5.15722470455431       -10.8528192921404       0.200601847269972       4.575136501018682E-003  6.852588661376519E-002  -2472.40917252343     
   9.64289497995924        5.22560363669219       -9.74229629144392       0.176304616178835       4.802353997958595E-003  6.859885562669429E-002  -2575.09175750626     
   9.67872730192073        5.24152656785491       -8.29023816633499       0.141543864277058       5.063903636243104E-003  6.851951712390461E-002  -2639.66458447960     
   9.71293032061100        4.55544621166253       -6.39808723054579       0.104343311181848       5.351382584653929E-003  6.861119049200734E-002  -2709.80402150506     
   9.74544403231299        3.87252255211246       -4.18107091008392       6.650614564790161E-002  5.650667415405920E-003  6.851658273302857E-002  -2669.14985214451     
   9.77621139692815        2.35414024111647       -1.62599684659641       2.190914785011778E-002  5.943409270209822E-003  6.860787483126343E-002  -2691.44950674376     
   9.80517843804413       0.881223728318157        1.18840157845402      -1.235074705095865E-002  6.204045264836242E-003  6.851661586685481E-002  -2517.17258053608     
   9.83229433762773       -1.41220321487044        4.16061783574563      -5.637644300367931E-002  6.399335631909754E-003  6.858578476511691E-002  -2492.11690062806     
   9.85751152517705       -3.63746641773776        7.28436287199293      -8.127644372763626E-002  6.489239948402683E-003  6.851584200370030E-002  -2187.15955231338     
   9.88078576117626       -6.48349176256763        10.3303557176663      -0.116013701135351       6.427899056634727E-003  6.854642625293171E-002  -2132.10577273479     
   9.90207621470678       -9.23257130457451        13.3726592166356      -0.127801370303202       6.173652041512613E-003  6.850821640565928E-002  -1735.85798514742     
   9.92134553507858       -12.2241571408878        16.0715314413548      -0.145927944134963       5.696489744448613E-003  6.849625014246233E-002  -1678.54152141794     
   9.93855991735597       -15.0594078515146        18.5664221549552      -0.143707835482482       4.997119589316882E-003  6.848944641451460E-002  -1259.66537365847     
   9.95368916166294       -17.6937504756038        20.4938011391155      -0.142096021537702       4.113734682817314E-003  6.844666859191577E-002  -1224.61802692667     
   9.96670672616402       -20.1181720355137        22.0540497140223      -0.128680636984472       3.129323672059461E-003  6.846227468282190E-002  -859.160042949759     
   9.97758977362769       -22.0404208035588        23.0200940494548      -0.110393160968017       2.154884985638824E-003  6.841157490646435E-002  -852.265663329152     
   9.98631921149061       -23.7349002003232        23.6355656885702      -9.135692136373030E-002  1.303942519167378E-003  6.843435199579236E-002  -595.560085736008     
   9.99287972535249       -24.8654763401754        23.8904655430325      -6.359605935768205E-002  6.572045975225968E-004  6.839543878585014E-002  -602.021702961719     
   9.99725980584273       -25.7196749030453        23.9814756029646      -3.300532181562642E-003  2.432206682947965E-004  6.840773878413903E-002  -474.780407341478     
   9.99945176881179       -26.0925296671624        23.9921094967786       5.316342377661764E-002  4.762880851938371E-005  6.839234433041687E-002  -477.769752700948     
