  2.797298228104234E-004   74.8604616322750      -0.297847838213451        19.0111127864043       6.024408547964223E-037  1.185928490456362E-032  -2776.42215373980     
  1.398398717975952E-003   74.9035003331294      -0.297848327294006       4.235923041189484E-004  3.009265538105056E-036  6.035293130216987E-032  -2776.34944494897     
  3.634735148141111E-003   74.9843400929031      -0.297852740906768       5.258521986905095E-004  7.781772602443543E-036  1.642612825264017E-031  -2789.01341523202     
  6.986737289327236E-003   75.1133051584528      -0.297857159560097       7.233477931395929E-004  1.476420904632793E-035  3.392337655366575E-031  -2788.79526395095     
  1.145140464564633E-002   75.2746453001528      -0.297866326811266       6.539579426888569E-004  2.388604520870888E-035  6.123289204188537E-031  -2814.15169282162     
  1.702474073515113E-002   75.4889524866756      -0.297836406239407       1.053435223392435E-003  3.488867233240549E-035  1.026776444646797E-030  -2813.79524960935     
  2.370175666722790E-002   75.7299824319801      -0.297767942749123       9.849045025040785E-004  4.852440680194403E-035  1.658171871371836E-030  -2851.85774669657     
  3.147647560832932E-002   76.0282394090847      -0.297559422601273       1.380280044882011E-003  6.263033901181148E-035  2.616983964360156E-030  -2851.39510767567     
  4.034193813204960E-002   76.3474061340135      -0.297207256928286       1.343267763815645E-003  7.899322037525772E-035  4.107837138331762E-030  -2902.08191994003     
  5.029020844875373E-002   76.7268502981068      -0.296576979510596       1.695934395352897E-003  9.817728818067745E-035  6.430312640732330E-030  -2901.58921546704     
  6.131238150918435E-002   77.1214505875055      -0.295649373141042       1.679972966818815E-003  1.166090396015709E-034  1.014797190641543E-029  -2964.61754904414     
  7.339859097568659E-002   77.5772960631986      -0.294306475919628       1.993234803668099E-003  1.376738983683063E-034  1.612641695468799E-029  -2964.22523281488     
  8.653801805391631E-002   78.0429641372530      -0.292483676517980       1.984818953595014E-003  1.632526554421993E-034  2.598615183883810E-029  -3038.99785969359     
  0.100718901177127        78.5678017107109      -0.290131824564481       2.262854521677017E-003  1.933453108232498E-034  4.236247483378929E-029  -3038.88391963500     
  0.115928546534362        79.0979735501703      -0.287111636348203       2.252110618427464E-003  2.317134464340893E-034  7.016909308242197E-029  -3124.39163497436     
  0.132153339433142        79.6814160500096      -0.283480120044027       2.493757151117356E-003  2.888894916580854E-034  1.178217303977706E-028  -3124.75392261062     
  0.149378756486448        80.2669187342866      -0.279022454297202       2.474515855698775E-003  3.723966103405007E-034  2.010611093300140E-028  -3219.52250715404     
  0.167589378613128        80.8957001264256      -0.273903391459317       2.674428553348299E-003  5.206029380921747E-034  3.480628274905098E-028  -3220.53392043623     
  0.186768904840059        81.5246701672922      -0.267882424556839       2.643618068439668E-003  7.793997743692095E-034  6.120574088066839E-028  -3322.64397256555     
  0.206900166893729        82.1833424802738      -0.261177476755304       2.794804629533426E-003  1.247340565544546E-033  1.091977776581889E-027  -3324.40313647960     
  0.227965144568161        82.8416686364010      -0.253632298612864       2.751934726805934E-003  2.148615594207010E-033  1.977596110367819E-027  -3431.59999865166     
  0.249944981855445        83.5138770973074      -0.245397659001175       2.848548047164689E-003  3.857878419850682E-033  3.633325288813868E-027  -3434.09578634942     
  0.272820003824412        84.1862401295677      -0.236563419894915       2.795223867328702E-003  7.186126104994874E-033  6.771363459024110E-027  -3543.98277523750     
  0.296569734232368        84.8563395133458      -0.227036509891133       2.835105833280924E-003  1.372225085375906E-032  1.279951255069739E-026  -3547.08834475542     
  0.321172913854102        85.5276958726102      -0.217341279095346       2.774525156683459E-003  2.666510193314890E-032  2.452688379492391E-026  -3657.36640304063     
  0.346607519511768        86.1823098267042      -0.206936556273498       2.760948717169563E-003  5.249061878116649E-032  4.765336665617899E-026  -3660.86664081084     
  0.372850783788619        86.8394502125214      -0.196961206518330       2.697442166147421E-003  1.044997550762362E-031  9.380252356879856E-026  -3769.56264201163     
  0.399879215408923        87.4685732967245      -0.186233367560509       2.639627853167520E-003  2.100437252941948E-031  1.871293468542649E-025  -3773.20428740146     
  0.427668620265839        88.1013243721158      -0.176646154954401       2.578335102317726E-003  4.263828340941054E-031  3.779805359281596E-025  -3878.83211882117     
  0.456194123078417        88.6987334721956      -0.166231163829695       2.490679474441191E-003  8.735837671808216E-031  7.732990197414643E-025  -3882.37738723059     
  0.485430189658345        89.3005099223045      -0.157717305835881       2.437407382533124E-003  1.808276689643942E-030  1.600778446981553E-024  -3984.00064203793     
  0.515350649766508        89.8634930934323      -0.148268675720817       2.337764625712399E-003  3.776887047158122E-030  3.353869327608224E-024  -3987.26705910286     
  0.545928720538890        90.4311574400949      -0.141474124466855       2.298996885358668E-003  7.974815482080214E-030  7.104533511992860E-024  -4084.46571793972     
  0.577137030460871        90.9597615193421      -0.133610894307861       2.206593841359132E-003  1.698179700666831E-029  1.521861431451789E-023  -4087.34393842619     
  0.608947643868435        91.4929674518929      -0.129111062757279       2.189570386713020E-003  3.657004678967478E-029  3.293175596171031E-023  -4180.11314494604     
  0.641332085954376        91.9890425449454      -0.123387037860518       2.123124950721115E-003  7.935991141813797E-029  7.198928211183439E-023  -4182.56425321929     
  0.674261368257105        92.4893357967050      -0.121681334487885       2.135905615517296E-003  1.741402563999674E-028  1.588190256345566E-022  -4271.18280322102     
  0.707706014609251        92.9556222065400      -0.118577021075543       2.112319802959352E-003  3.848126488623605E-028  3.535622960225784E-022  -4273.22239788602     
  0.741636087522819        93.4255513876036      -0.120103341812125       2.163780060599262E-003  8.589735964188581E-028  7.935077621152842E-022  -4358.12374412321     
  0.776021214987301        93.8649631937504      -0.120036269485781       2.197523416726875E-003  1.930950025232027E-027  1.794910698821722E-021  -4359.80118458020     
  0.810830617656734        94.3073642703940      -0.125197344298346       2.297273890716083E-003  4.374621707065604E-027  4.088466854096960E-021  -4441.46772332199     
  0.846033136401389        94.7225257057329      -0.128544237733776       2.400369804540448E-003  9.991885628437438E-027  9.374198428376800E-021  -4442.84690346273     
  0.881597260199406        95.1400446571038      -0.137738654910248       2.558621946756122E-003  2.291358785444085E-026  2.161767078359910E-020  -4521.73580272198     
  0.917491154343430        95.5330621632044      -0.144863307888504       2.741043233499030E-003  5.309341880835585E-026  5.011528801363976E-020  -4522.88081659762     
  0.953682688936986        95.9279052361520      -0.158516206999505       2.968450874537443E-003  1.229020561544314E-025  1.167040865179049E-019  -4599.38043334100     
  0.990139467655083        96.3003187645599      -0.169798463867584       3.238710925051505E-003  2.883000893806097E-025  2.728399116601708E-019  -4600.34692562905     
   1.02682885674332        96.6741788835991      -0.188388926304724       3.546204420999236E-003  6.718996452317537E-025  6.399158699765123E-019  -4674.75783518131     
   1.06371801422950        97.0270255263491      -0.204251786148267       3.911961652743129E-003  1.591311680496884E-024  1.504730717903942E-018  -4675.58923343727     
   1.10077391932168        97.3811216817176      -0.228335299221818       4.310568237631813E-003  3.725177150615195E-024  3.545013514190598E-018  -4748.12229913956     
   1.13796340196620        97.7150524906765      -0.249268319729823       4.779111315910052E-003  8.878619766694750E-024  8.362067773566698E-018  -4748.84946401390     
   1.17525317253941        98.0502255543186      -0.279493330541006       5.279732447093733E-003  2.083330027909592E-023  1.973601035871465E-017  -4819.63392416484     
   1.21260985164639        98.3656322690836      -0.306071141017627       5.858260735255016E-003  4.978852333397943E-023  4.657603552324077E-017  -4820.27673551542     
   1.25000000000000        98.6824554363293      -0.343188850248549       6.471361610866028E-003  1.168622927285585E-022  1.098356051095606E-016  -4889.37282047157     
   1.28739014835361        98.9795805786959      -0.376083794288108       7.167010787037275E-003  2.789955953150625E-022  2.586487230335187E-016  -4889.94252547050     
   1.32474682746059        99.2784583705953      -0.420950182883778       7.902171639949688E-003  6.536219877087871E-022  6.078366248480362E-016  -4957.35484799025     
   1.36203659803380        99.5574759052474      -0.460938041819058       8.721757780118296E-003  1.553205194535275E-021  1.424589756515789E-015  -4957.85639622345     
   1.39922608067832        99.8387186188833      -0.514506830848174       9.587040927037912E-003  3.623095188710845E-021  3.327675078197778E-015  -5023.54585455278     
   1.43628198577050        100.099781857648      -0.562464340043613       1.053651092918034E-002  8.540608267446474E-021  7.742316024453743E-015  -5023.97980069237     
   1.47317114325668        100.363651298183      -0.625769248573060       1.153761045724572E-002  1.978210598891600E-020  1.793068336416245E-014  -5087.87283935494     
   1.50986053234492        100.606910276777      -0.682661781872006       1.262119689142957E-002  4.611313012277854E-020  4.131121505879225E-014  -5088.23665503211     
   1.54631731106301        100.853637857101      -0.756786121978016       1.376035772880620E-002  1.057423018252925E-019  9.462229076571773E-014  -5150.23145200361     
   1.58250884565657        101.079231127412      -0.823643530700642       1.497944613696091E-002  2.430346679866400E-019  2.153500457906366E-013  -5150.52025662728     
   1.61840273980059        101.309011995067      -0.909674904459776       1.625416502890408E-002  5.500182539232989E-019  4.866547020700166E-013  -5210.48984147560     
   1.65396686359861        101.517038927540      -0.987553095610267       1.760589473890172E-002  1.242929677933437E-018  1.091486712020320E-012  -5210.69666461376     
   1.68916938234327        101.730006872037       -1.08652080480752       1.900744716552150E-002  2.767341770384227E-018  2.427855885449392E-012  -5268.48924734203     
   1.72397878501270        101.920487311051       -1.17644629219897       2.048308579750010E-002  6.131933500188208E-018  5.353758966666304E-012  -5268.60500755480     
   1.75836391247718        102.116675937104       -1.28923919137335       2.199496112577721E-002  1.338923465565194E-017  1.169490855234917E-011  -5324.04204473224     
   1.79229398539075        102.289505298164       -1.39213369601254       2.357812155338660E-002  2.901273286802797E-017  2.529819903025576E-011  -5324.05550011531     
   1.82573863174289        102.468802253932       -1.51939693891948       2.517449608429669E-002  6.193824873423171E-017  5.414923207877000E-011  -5376.92836493862     
   1.85866791404562        102.623712424195       -1.63597946691131       2.683930757053184E-002  1.308993791233175E-016  1.146528957543707E-010  -5376.82637114057     
   1.89105235613157        102.785816005373       -1.77799050994929       2.848374482866468E-002  2.724201819701228E-016  2.399427881354572E-010  -5426.89301758039     
   1.92286296953913        102.922355666804       -1.90865581013004       3.019315423746032E-002  5.600553470379099E-016  4.962102442423210E-010  -5426.66150290340     
   1.95407127946111        103.066747058803       -2.06518402867468       3.183779515428248E-002  1.133031759527913E-015  1.013176702794920E-009  -5473.64523890078     
   1.98464935023349        103.184298339076       -2.20985991418216       3.354226610299589E-002  2.260186033869295E-015  2.042175604711284E-009  -5473.27131457981     
   2.01456981034165        103.310247405493       -2.38002118573758       3.512785126773549E-002  4.433106702144594E-015  4.059798149701696E-009  -5516.86459823744     
   2.04380587692158        103.408096825162       -2.53801407278263       3.676484674825301E-002  8.559756205773458E-015  7.959072212776804E-009  -5516.34006140102     
   2.07233137973416        103.514722540292       -2.72014186169695       3.822197178654582E-002  1.623654451759244E-014  1.537359695850085E-008  -5556.21674609663     
   2.10012078459108        103.592199551646       -2.88999063790956       3.971672135660314E-002  3.027579523627647E-014  2.925471333309710E-008  -5555.54278730928     
   2.12714921621138        103.678603986391       -3.08155648486238       4.096871027805223E-002  5.541028628685258E-014  5.479383030360530E-008  -5591.38183868345     
   2.15339248048823        103.735286450141       -3.26092793695282       4.223680186236081E-002  9.956549282684971E-014  1.010032105152386E-007  -5590.57400657138     
   2.17882708614590        103.800768882944       -3.45855125897975       4.320442039574596E-002  1.754475501188098E-013  1.830726212931514E-007  -5622.09567025951     
   2.20343026576763        103.836731089436       -3.64422033125896       4.415659442829026E-002  3.032018137908007E-013  3.262396618798152E-007  -5621.18728612484     
   2.22717999617559        103.881063867404       -3.84380152786339       4.476447244340997E-002  5.134386986658426E-013  5.711021243985111E-007  -5648.19868135088     
   2.25005501814455        103.897115538527       -4.03175735663570       4.531351185428568E-002  8.518822914642049E-013  9.818990340592078E-007  -5647.24048054669     
   2.27203485543184        103.920830531502       -4.22874262127439       4.549764735072905E-002  1.383976334956627E-012  1.656809471830287E-006  -5669.68244966920     
   2.29309983310627        103.918678691762       -4.41443798040062       4.556647191504531E-002  2.201219237954120E-012  2.742778214756013E-006  -5668.73691991667     
   2.31323109515994        103.923287308641       -4.60418213432650       4.528168410497229E-002  3.425942644426611E-012  4.451992753333978E-006  -5686.71997992500     
   2.33241062138687        103.905561999346       -4.78290053373851       4.481100356080219E-002  5.216663062744983E-012  7.081602055917258E-006  -5685.85086587359     
   2.35062124351355        103.893631999689       -4.96105343986342       4.403677135851232E-002  7.768736094857851E-012  1.103383160388707E-005  -5699.66818873833     
   2.36784666056686        103.863754615205       -5.12832132131731       4.299059350036858E-002  1.131266129211374E-011  1.682506893051031E-005  -5698.92810310164     
   2.38407145346564        103.838802558593       -5.29114838743588       4.173323739633873E-002  1.610348482572074E-011  2.510173106707390E-005  -5709.03895858351     
   2.39928109882287        103.800725672861       -5.44309581992248       4.010180787190408E-002  2.240423716791231E-011  3.659089299597570E-005  -5708.45938757993     
   2.41346198194608        103.766941755051       -5.58766576304242       3.839048213726197E-002  3.045784242703974E-011  5.211010404881063E-005  -5715.44546918861     
   2.42660140902431        103.724824987201       -5.72125447957607       3.619258790261173E-002  4.045213175236243E-011  7.236441284139913E-005  -5715.03259328189     
   2.43868761849082        103.686697299988       -5.84547530162682       3.406744403323034E-002  5.247640057768843E-011  9.800051769475894E-005  -5719.53763223542     
   2.44970979155125        103.644588575807       -5.95855934670960       3.135510410731119E-002  6.647717775761745E-011  1.291390694912880E-004  -5719.27480773765     
   2.45965806186795        103.606511721934       -6.06108451920210       2.885117159283932E-002  8.221805337159150E-011  1.656458574986557E-004  -5721.94100909498     
   2.46852352439167        103.568082180691       -6.15230375706830       2.571563027422346E-002  9.925529126613640E-011  2.063859574348567E-004  -5721.79616036306     
   2.47629824333277        103.534019042803       -6.23231014813677       2.285584624822413E-002  1.169392266405795E-010  2.499647312946461E-004  -5723.20867650911     
   2.48297525926485        103.502372110398       -6.30078878850374       1.942380056032960E-002  1.344507477643528E-010  2.938896835050892E-004  -5723.14354789035     
   2.48854859535435        103.475604653076       -6.35763708733975       1.615802540751703E-002  1.508729263411449E-010  3.357956111724120E-004  -5723.78906235601     
   2.49301326271067        103.453251281811       -6.40273595260771       1.264455316685567E-002  1.652863035358281E-010  3.727790035586898E-004  -5723.74633303549     
   2.49636526485186        103.436019112641       -6.43613404388665       9.671675851230632E-003  1.768657488038477E-010  4.026859975335102E-004  -5724.11138757972     
   2.49860160128202        103.423795603905       -6.45808481833489       5.554786549507097E-003  1.849557325915038E-010  4.236017761690008E-004  -5724.19662324905     
   2.49972027017719        103.419346314726       -6.46893333107392       1.752104365639632E-003  1.891116191065613E-010  4.340579312706224E-004  -5722.10115562324     
   2.50069933238278        103.416065932937       -6.47883581676555       2.588590679818379E-003  1.929205949132413E-010  4.432787425436375E-004  -5724.26523309539     
   2.50181812646898        103.409921546432       -6.49029286440592       4.675760515830049E-003  1.973974520416453E-010  4.543631139617284E-004  -5724.24128177635     
   2.50349600461369        103.400852313623       -6.50747136389195       6.547306502990347E-003  2.043003031918602E-010  4.711872849682360E-004  -5724.09818590529     
   2.50573259131386        103.388930068520       -6.53035461914167       8.348884853039622E-003  2.138654223641804E-010  4.939489508794115E-004  -5724.11033147942     
   2.50852738602948        103.373792265882       -6.55892027425147       1.016656304629096E-002  2.264273408110442E-010  5.229752426952494E-004  -5724.18846289893     
   2.51187976329561        103.355232625740       -6.59314873204023       1.210061922859806E-002  2.424373139863630E-010  5.584705310647191E-004  -5724.18910741107     
   2.51578897286236        103.333286474943       -6.63299489797667       1.395939455637519E-002  2.624887677563702E-010  6.007594405379618E-004  -5724.13739439367     
   2.52025413986278        103.307520363194       -6.67843536196437       1.596490662701134E-002  2.873515743685278E-010  6.499290658566454E-004  -5724.14704613060     
   2.52527426500867        103.278105940910       -6.72937828346378       1.787335455875509E-002  3.180177040526675E-010  7.063729328284884E-004  -5723.87976565152     
   2.53084822481419        103.244232801129       -6.78581810725423       1.997431740669248E-002  3.557616547096698E-010  7.699963717089240E-004  -5723.89757294302     
   2.53697477184731        103.206450797303       -6.84757111182264       2.195642892806271E-002  4.022203292700382E-010  8.412779133246832E-004  -5723.26101360052     
   2.54365253500900        103.163386371823       -6.91469205776411       2.415936410341211E-002  4.594983815514920E-010  9.199119328346202E-004  -5723.29138525133     
   2.55088001984003        103.116159653235       -6.98682830210587       2.623870114916068E-002  5.303075673412309E-010  1.006487363115710E-003  -5722.10745696337     
   2.55865560885546        103.062631586269       -7.06417324984520       2.854755164502954E-002  6.181504132679705E-010  1.100487141126491E-003  -5722.15413917445     
   2.56697756190664        103.004715224158       -7.14608511622178       3.074633366203296E-002  7.275640098070197E-010  1.202615189947093E-003  -5720.22105015814     
   2.57584401657058        102.939295059681       -7.23302163252230       3.316218088639700E-002  8.644406936395826E-010  1.312171045679546E-003  -5720.28744296921     
   2.58525298856685        102.869301748837       -7.32387919976308       3.549909572844445E-002  1.036455548309008E-009  1.429952189825511E-003  -5717.38683024920     
   2.59520237220157        102.790446549228       -7.41956262219536       3.802091785962117E-002  1.253625322409133E-009  1.555127920755773E-003  -5717.47536271384     
   2.60568994083871        102.706882266104       -7.51827656563107       4.050924473860143E-002  1.529057190808873E-009  1.688542451589578E-003  -5713.38151602984     
   2.61671334739838        102.612990076597       -7.62161683955776       4.313418986699415E-002  1.879915458612506E-009  1.829307659890459E-003  -5713.49307839225     
   2.62827012488210        102.514301502572       -7.72681222250355       4.578029631554589E-002  2.328724658220309E-009  1.978248057666325E-003  -5707.98453777971     
   2.64035768692492        102.403779184181       -7.83644987242771       4.850352672089005E-002  2.905015480388008E-009  2.134502918571593E-003  -5708.11800287053     
   2.65297332837420        102.288412304080       -7.94645785696074       5.130582110508233E-002  3.647564143037642E-009  2.298799625348643E-003  -5700.99108527342     
   2.66611422589507        102.159751657701       -8.06075517031794       5.412002495310841E-002  4.607123244320978E-009  2.470392879119953E-003  -5701.14304676029     
   2.67977743860225        102.026218680805       -8.17362892051579       5.706842180003515E-002  5.850197015953561E-009  2.649833966725082E-003  -5692.22635732030     
   2.69395990871819        101.878073787805       -8.29068215274941       5.996315875503976E-002  7.463401883022652E-009  2.836575619332139E-003  -5692.39119644689     
   2.70865846225744        101.725022935484       -8.40424081114232       6.303909606385323E-002  9.559673653147993E-009  3.030921271478258E-003  -5681.55969410124     
   2.72386980973692        101.556279374826       -8.52191757370759       6.600017505261582E-002  1.228486471684778E-008  3.232591472903588E-003  -5681.73003266180     
   2.73959054691214        101.382559819977       -8.63381829449139       6.917719703450556E-002  1.582765941692868E-008  3.441584239448197E-003  -5668.91690340206     
   2.75581715553905        101.192385817076       -8.74982117687044       7.218627596935143E-002  2.042883168223557E-008  3.657939537132561E-003  -5669.08441448295     
   2.77254600416139        100.997098994122       -8.85765451762398       7.543115442146214E-002  2.639662941926392E-008  3.881311233195088E-003  -5654.28900116181     
   2.78977334892339        100.784970219485       -8.96960786196078       7.846570600756057E-002  3.411841369896348E-008  4.112089081343982E-003  -5654.44545500760     
   2.80749533440767        100.567499545558       -9.07100752950593       8.174002172918610E-002  4.408395312166022E-008  4.349565091381733E-003  -5637.73587397006     
   2.82570799449804        100.333193132910       -9.17656007677160       8.477373659490627E-002  5.689758032652645E-008  4.594487218042058E-003  -5637.87422651939     
   2.84440725326712        100.093207056284       -9.26931529001366       8.803579040243914E-002  7.331295518813028E-008  4.845788854048159E-003  -5619.38402676491     
   2.86358892588849        99.8367655945672       -9.36624831692122       9.103940546935070E-002  9.424102103990174E-008  5.104563871964829E-003  -5619.49933872101     
   2.88324871957328        99.5741932569854       -9.44840664773592       9.424629103707884E-002  1.208017989338350E-007  5.369409331224479E-003  -5599.41846900556     
   2.90338223453082        99.2958646707838       -9.53473612242727       9.718875668664358E-002  1.543190037506507E-007  5.641734825255752E-003  -5599.50848085724     
   2.92398496495338        99.0108482041661       -9.60468662508346       0.100298415520850       1.963979155067229E-007  5.919839196390837E-003  -5578.06969865047     
   2.94505230002447        98.7110112325821       -9.67874909201787       0.103148265586477       2.488914297017225E-007  6.205403419825260E-003  -5578.13496777693     
   2.96657952495078        98.4038425414344       -9.73527915034129       0.106121360608554       3.140185273354771E-007  6.496478096028832E-003  -5555.59744277133     
   2.98856182201731        98.0829291223280       -9.79579405182838       0.108848131891477       3.942790144761645E-007  6.794961348046223E-003  -5555.64104527864     
   3.01099427166557        97.7539810180960       -9.83811760059561       0.111649614526400       4.926346410049828E-007  7.098713124369805E-003  -5532.27315883275     
   3.03387185359454        97.4124061792218       -9.88422261667609       0.114225175027696       6.123415011291403E-007  7.409788849177680E-003  -5532.30004296043     
   3.05718944788421        97.0620676550368       -9.91198120697205       0.116825470336648       7.572246820612636E-007  7.725918907965010E-003  -5508.36325889380     
   3.08094183614142        96.7001750334596       -9.94324093573299       0.119225148256913       9.313894605355348E-007  8.049254542678503E-003  -5508.37938989405     
   3.10512370266765        96.3287986361106       -9.95648183757160       0.121600931929521       1.139628766640772E-006  8.377457469086740E-003  -5484.11466231423     
   3.12972963564874        95.9468263457289       -9.97287300371846       0.123804378783622       1.386968712098049E-006  8.712715064308372E-003  -5484.12611484530     
   3.15475412836597        95.5546927265233       -9.97200994778163       0.125938960202126       1.679253558705418E-006  9.052677983037900E-003  -5459.74374276382     
   3.18019158042848        95.1527608208066       -9.97388799990023       0.127930720899665       2.022480022178127E-006  9.399514621702295E-003  -5459.75588110254     
   3.20603629902658        94.7400624069781       -9.95965040123017       0.129814074053351       2.423603860561416E-006  9.750916506450116E-003  -5435.42915172546     
   3.23228250020583        94.3181802654890       -9.94770290069606       0.131583868222013       2.889623263297599E-006  1.010898454923039E-002  -5435.44600141835     
   3.25892431016143        93.8850232097455       -9.92107883400281       0.133212367123393       3.428641856912212E-006  1.047149572707506E-002  -5411.30848220244     
   3.28595576655277        93.4431131374392       -9.89627074568024       0.134755107161555       4.048676465573031E-006  1.084044291457018E-002  -5411.33235112932     
   3.31337081983778        92.9895346396274       -9.85844794896522       0.136131027282145       4.758991355574661E-006  1.121372476698904E-002  -5387.47834592429     
   3.34116333462679        92.5274668675111       -9.82196317839993       0.137446610503196       5.568631042420333E-006  1.159319420931360E-002  -5387.50970808125     
   3.36932709105561        92.0534637374744       -9.77427127309265       0.138577456164348       6.488009411939259E-006  1.197689905803653E-002  -5363.99719458643     
   3.39785578617753        91.5710977360580       -9.72745386999230       0.139670373326415       7.527204018956330E-006  1.236652914137559E-002  -5364.03481284451     
   3.42674303537386        91.0766616206270       -9.67131000933513       0.140568086143842       8.697742430535825E-006  1.276030029900260E-002  -5340.89010921538     
   3.45598237378282        90.5738889831277       -9.61560758175188       0.141446889261548       1.001073897682586E-005  1.315972453660644E-002  -5340.93134726709     
   3.48556725774635        90.0590438545967       -9.55246696840633       0.142126986864073       1.147877202558041E-005  1.356319649729843E-002  -5318.15478363110     
   3.51549106627452        89.5358287582178       -9.48937812747833       0.142803657554976       1.311399417880608E-005  1.397204334978438E-002  -5318.19604309947     
   3.54574710252732        89.0006668651637       -9.42069028506774       0.143284346012639       1.492994238800633E-005  1.438484209317881E-002  -5295.76800507128     
   3.57632859531338        88.4570810824731       -9.35171738525014       0.143773603015417       1.693980362299045E-005  1.480273478027051E-002  -5295.80522034271     
   3.60722870060534        87.9017944132387       -9.27888868683971       0.144074901003299       1.915794989979803E-005  1.522447816127185E-002  -5273.69205640954     
   3.63844050307152        87.3380448680400       -9.20549671184732       0.144393482460909       2.159858820702112E-005  1.565103448445112E-002  -5273.72118510182     
   3.66995701762352        86.7629501187552       -9.12985940375087       0.144536389937545       2.427677009428716E-005  1.608133268223723E-002  -5251.88060477551     
   3.70177119097949        86.1793979502250       -9.05344152689261       0.144702342619259       2.720769176679311E-005  1.651616487523521E-002  -5251.89806328455     
   3.73387590324262        85.5849539053078       -8.97622928533787       0.144708081340239       3.040689797278022E-005  1.695462087648205E-002  -5230.28378209525     
   3.76626396949454        84.9821248464501       -8.89807936113151       0.144740085019424       3.389052091384391E-005  1.739733549801145E-002  -5230.28679068993     
   3.79892814140329        84.3689418884212       -8.82040924441796       0.144629432257679       3.767438489285728E-005  1.784354559186698E-002  -5208.85229154552     
   3.83186110884546        83.7475284372931       -8.74170123769843       0.144546182813288       4.177547749258466E-005  1.829374347237206E-002  -5208.83910951810     
   3.86505550154217        83.1163705549882       -8.66456172853941       0.144338913163668       4.620966743430187E-005  1.874729773802068E-002  -5187.54048264780     
   3.89850389070851        82.4772269022342       -8.58633584663883       0.144158582622821       5.099468645238244E-005  1.920457398941195E-002  -5187.51052902315     
   3.93219879071610        81.8290070401170       -8.51058051584741       0.143873025927308       5.614619891683193E-005  1.966505676102375E-002  -5166.30842314815     
   3.96613266076829        81.1731380168001       -8.43373558249320       0.143612811792067       6.168253793040517E-005  2.012900085536167E-002  -5166.26229091860     
   4.00029790658784        80.5089079034020       -8.36008175464727       0.143265528425348       6.761891048557629E-005  2.059599115359930E-002  -5145.12305729891     
   4.03468688211643        79.8374533469207       -8.28537316368166       0.142941298567102       7.397407829809862E-005  2.106618707358510E-002  -5145.06243821340     
   4.06929189122584        79.1583890746473       -8.21440484144300       0.142546867056505       8.076254392473817E-005  2.153925899735213E-002  -5123.95857912775     
   4.10410518944033        78.4726050061702       -8.14244726972242       0.142172900640776       8.800329903196034E-005  2.201528545843470E-002  -5123.88612144166     
   4.13911898566978        77.7799896362424       -8.07462148911002       0.141743807328908       9.570991101379480E-005  2.249400853487089E-002  -5102.79616858153     
   4.17432544395339        77.0812275347674       -8.00589544378842       0.141332627074211       1.039013831889084E-004  2.297543927599972E-002  -5102.71529208349     
   4.20971668521324        76.3764319039290       -7.94155119649174       0.140879243623916       1.125901432448383E-004  2.345937877054369E-002  -5081.62324169607     
   4.24528478901769        75.6661171851485       -7.87641242905261       0.140441530543360       1.217949762373679E-004  2.394578290830204E-002  -5081.53793333878     
   4.28102179535387        74.9505799296351       -7.81578130199584       0.139972162720154       1.315270006175802E-004  2.443450009969930E-002  -5060.43235709721     
   4.31691970640915        74.2301905248908       -7.75447213915478       0.139516741552136       1.418045508599212E-004  2.492544253892092E-002  -5060.34696743979     
   4.35297048836102        73.5053981433008       -7.69768988165403       0.139037731898732       1.526373091496812E-004  2.541849496619187E-002  -5039.21990401551     
   4.38916607317499        72.7764438522072       -7.64035159396070       0.138571613759219       1.640429344944776E-004  2.591353685932720E-002  -5039.13896025377     
   4.42549836041024        72.0439114276827       -7.58746991938957       0.138087481331094       1.760295943137398E-004  2.641047854887641E-002  -5017.98467503538     
   4.46195921903241        71.3079145076700       -7.53415535926802       0.137615949627832       1.886140646480187E-004  2.690917779637329E-002  -5017.91272140018     
   4.49854048923336        70.5691675193290       -7.48515340849677       0.137129551599728       2.018029728355697E-004  2.740955947768323E-002  -4996.72640285061     
   4.53523398425726        69.8276447893504       -7.43583928523045       0.136656277742376       2.156120315245622E-004  2.791147126246063E-002  -4996.66787418728     
   4.57203149223278        69.0842022743131       -7.39063430981792       0.136168980072508       2.300463593813415E-004  2.841484058033104E-002  -4975.44431653963     
   4.60892477801086        68.3386488547630       -7.34523261426985       0.135696156735469       2.451204615381544E-004  2.891951793093174E-002  -4975.40344634377     
   4.64590558500771        67.5920080403291       -7.30368956646102       0.135208003837550       2.608380389429560E-004  2.942541966124096E-002  -4954.13575081268     
   4.68296563705263        66.8438827282323       -7.26205780000999       0.134736485215998       2.772122901687053E-004  2.993241404025577E-002  -4954.11651109489     
   4.72009664024013        66.0955051392072       -7.22399763507188       0.134246361438345       2.942456515455953E-004  3.044039031502286E-002  -4932.79482224530     
   4.75729028478614        65.3462173250964       -7.18594762609472       0.133775801848144       3.119499697108852E-004  3.094925223156933E-002  -4932.80088936828     
   4.79453824688768        64.5975162815879       -7.15115422551363       0.133281580278667       3.303266346063180E-004  3.145884277798620E-002  -4911.41117018499     
   4.83183219058568        63.8484142489111       -7.11645942831007       0.132810564421972       3.493861581436650E-004  3.196912242494256E-002  -4911.44590818888     
   4.86916376963056        63.1007436019925       -7.08468513943923       0.132309241012721       3.691291712863322E-004  3.247986482230363E-002  -4889.96874704666     
   4.90652462935011        62.3531040086550       -7.05308640545050       0.131835401188087       3.895649410863012E-004  3.299111273997931E-002  -4890.03519783158     
   4.94390640851917        61.6077479131583       -7.02405626824659       0.131323214407453       4.106937020499354E-004  3.350254269826260E-002  -4868.44463330826     
   4.98130074123092        60.8627662375879       -6.99526616330624       0.130843331910325       4.325236512288013E-004  3.401431046529495E-002  -4868.54550128703     
   5.05609359148083        59.3797114791389       -6.94238678938729       0.129825960205417       4.782953704179914E-004  3.503780307789182E-002  -4846.94546455994     
   5.09347537064989        58.6425116589106       -6.91792516844607       0.129278261157678       5.022454205040445E-004  3.554920936402994E-002  -4825.01811741526     
   5.13083623036944        57.9060641543376       -6.89379092662659       0.128773643094011       5.269122300621375E-004  3.606067930590131E-002  -4825.19437619240     
   5.16816780941432        57.1745217194866       -6.87111083147100       0.128200291249497       5.522979256339014E-004  3.657137227331878E-002  -4803.02459580694     
   5.20546175311232        56.4437464698327       -6.84877852763745       0.127675648626829       5.784096655229819E-004  3.708203021483792E-002  -4803.24083065158     
   5.24270971521386        55.7187776104647       -6.82751847749585       0.127070879408009       6.052516184921886E-004  3.759154148446925E-002  -4780.76449333016     
   5.27990335975987        54.9944633088531       -6.80660924929726       0.126520318227460       6.328318258343571E-004  3.810095027709866E-002  -4781.02130480372     
   5.31703436294737        54.2768720070112       -6.78638998590572       0.125878139487021       6.611574538881248E-004  3.860881150140637E-002  -4758.16165368424     
   5.35409441499229        53.5596886206619       -6.76650580140923       0.125295256997539       6.902383802262216E-004  3.911653835705324E-002  -4758.45866184749     
   5.39107522198914        52.8501598041795       -6.74693312311412       0.124609601042075       7.200859122671562E-004  3.962228174906280E-002  -4735.12510697477     
   5.42796850776722        52.1406545312741       -6.72765998109749       0.123987582159839       7.507129741248568E-004  4.012789851260665E-002  -4735.46063484289     
   5.46476601574274        51.4397489419503       -6.70832975308489       0.123252503219051       7.821363611453870E-004  4.063105743942123E-002  -4711.54769668120     
   5.50145951076664        50.7383453499563       -6.68924355717451       0.122584265826752       8.143735291486814E-004  4.113414048546964E-002  -4711.91839344118     
   5.53804078096759        50.0464975512140       -6.66975006923029       0.121794198247281       8.474482988873962E-004  4.163425013124344E-002  -4687.30493248110     
   5.57450163958976        49.3534997806212       -6.65042651437257       0.121072611191161       8.813843954256905E-004  4.213437973770801E-002  -4687.70536172565     
   5.61083392682501        48.6710213422036       -6.63037543478981       0.120222701254555       9.162143263292862E-004  4.263097784282161E-002  -4662.25429124396     
   5.64702951163898        47.9866257876027       -6.61040526339144       0.119440897909113       9.519699807159886E-004  4.312773690528483E-002  -4662.67652815732     
   5.68308029359085        47.3137162109529       -6.58943231589208       0.118527415502636       9.886941850326145E-004  4.362036459353864E-002  -4636.23526042092     
   5.71897820464613        46.6380333888750       -6.56844305412979       0.117679219182223       1.026428840570190E-003  4.411333659268030E-002  -4636.66856206511     
   5.75471521098231        45.9748015635198       -6.54623911167302       0.116700043177221       1.065228423855462E-003  4.460153930581413E-002  -4609.07048029024     
   5.79028331478676        45.3078906988817       -6.52392376731493       0.115780506578060       1.105146307236049E-003  4.509030553151110E-002  -4609.50111138688     
   5.82567455604661        44.6543893471512       -6.50026621897234       0.114735659108948       1.146249240384002E-003  4.557363409650271E-002  -4580.56837723674     
   5.86088101433022        43.9963073038482       -6.47641833611537       0.113741697667635       1.188602648486884E-003  4.605777026313314E-002  -4580.97968505639     
   5.89589481055967        43.3525817391137       -6.45120731365541       0.112633878653634       1.232284940442855E-003  4.653578211643191E-002  -4550.52766906853     
   5.93070810877415        42.7034461113851       -6.42576025837612       0.111564948655168       1.277372700347077E-003  4.701485465929480E-002  -4550.90049918326     
   5.96531311788356        42.0695965847096       -6.39905669652060       0.110399996318687       1.323953556577245E-003  4.748711523755614E-002  -4518.74404461131     
   5.99970209341215        41.4296600662625       -6.37212325247302       0.109258737009375       1.372112262002765E-003  4.796067773505501E-002  -4519.05756860738     
   6.03386733923171        40.8059141100354       -6.34418403444636       0.108045918678111       1.421940865513449E-003  4.842676201230756E-002  -4485.01915759004     
   6.06780120928391        40.1756439473495       -6.31609063277373       0.106838650386386       1.473526702850044E-003  4.889435230249838E-002  -4485.25214080786     
   6.10149610929149        39.5624318217724       -6.28739460608696       0.105590677889669       1.526958766577348E-003  4.935384641389323E-002  -4449.17182429682     
   6.13494449845783        38.9425847982731       -6.25870322758032       0.104327633528551       1.582318592451031E-003  4.981498503764004E-002  -4449.30429679445     
   6.16813889115454        38.3406080414485       -6.22996110120042       0.103060306127652       1.639682032435089E-003  5.026748789020565E-002  -4411.05098782536     
   6.20107185859671        37.7322887999257       -6.20147153151395       0.101755479269651       1.699113914093896E-003  5.072167847122624E-002  -4411.06620108791     
   6.23373603050546        37.1425697581291       -6.17361300386463       0.100486889065560       1.760664861936041E-003  5.116680321213261E-002  -4370.54964135612     
   6.26612409675738        36.5472591834213       -6.14633909018756       9.915741332143710E-002  1.824370427378688E-003  5.161353525665149E-002  -4370.43610873672     
   6.29822880902051        35.9711590343611       -6.12047231542729       9.790670411735293E-002  1.890243122840619E-003  5.205091045192797E-002  -4327.61854248766     
   6.33004298237648        35.3907006132231       -6.09558840123809       9.657173684055625E-002  1.958276471091198E-003  5.248966480473807E-002  -4327.37189002065     
   6.36155949692848        34.8298954051948       -6.07293018917798       9.535748293039077E-002  2.028432933892084E-003  5.291893516978720E-002  -4282.27827008204     
   6.39277129939465        34.2664314048403       -6.05168797961260       9.403664679871743E-002  2.100653021224365E-003  5.334919200147443E-002  -4281.90258625503     
   6.42367140468662        33.7228403056303       -6.03346776442224       9.287500274741958E-002  2.174840218535463E-003  5.377001851089964E-002  -4234.62805252514     
   6.45425289747268        33.1786962644751       -6.01708913528363       9.158653048058069E-002  2.250874942824533E-003  5.419126726440226E-002  -4234.13644028049     
   6.48450893372548        32.6543633288521       -6.00443516913497       9.048938047456136E-002  2.328597814543995E-003  5.460332645609391E-002  -4184.84990253204     
   6.51443274225365        32.1318880889485       -5.99399206447455       8.924819285771787E-002  2.407827870045035E-003  5.501507672428155E-002  -4184.26401725977     
   6.54401762621717        31.6288275084062       -5.98781346013701       8.822157792799887E-002  2.488345534201238E-003  5.541805902585223E-002  -4133.20697097831     
   6.57325696462614        31.1302054079001       -5.98411075005041       8.703758028040794E-002  2.569914129273045E-003  5.581985098154167E-002  -4132.55547403027     
   6.60214421382247        30.6502287250588       -5.98499249311845       8.608068252188379E-002  2.652263684908599E-003  5.621345796512683E-002  -4080.03567040993     
   6.63067290894439        30.1772884515274       -5.98847195174220       8.495756697015425E-002  2.735114467823330E-003  5.660487084984812E-002  -4079.35171850375     
   6.65883666537321        29.7218383586350       -5.99660037531198       8.406246783626672E-002  2.818162379816458E-003  5.698881149249339E-002  -4025.73193762095     
   6.68662918016222        29.2758868989699       -6.00728249348622       8.299724491390623E-002  2.901103026787788E-003  5.736946887944581E-002  -4025.05002400375     
   6.71404423344723        28.8459037950402       -6.02241506311405       8.214955188490074E-002  2.983619010271365E-003  5.774345515728158E-002  -3970.73285618025     
   6.74107568983857        28.4276120242624       -6.03988982327587       8.113291052347330E-002  3.065403011164022E-003  5.811302623306627E-002  -3970.08546758899     
   6.76771749979417        28.0234552292557       -6.06137568381676       8.031318635261864E-002  3.146146893543669E-003  5.847676863815830E-002  -3915.49555925524     
   6.79396370097342        27.6328135787993       -6.08484464220262       7.933062383624097E-002  3.225562427755996E-003  5.883496547878140E-002  -3914.91016694014     
   6.81980841957152        27.2542494715361       -6.11169287126258       7.851639616237228E-002  3.303371884278506E-003  5.918816921150774E-002  -3860.47571271972     
   6.84524587163403        26.8905994329239       -6.14005512975994       7.754991194660969E-002  3.379325351404379E-003  5.953474076131773E-002  -3859.97255376581     
   6.87027036435126        26.5368561259559       -6.17103861381470       7.671793324498129E-002  3.453192430992111E-003  5.987710332625606E-002  -3806.10784500878     
   6.89487629733235        26.1989893641327       -6.20300527057791       7.574798506265154E-002  3.524775561727788E-003  6.021182731953621E-002  -3805.69878515491     
   6.91905816385858        25.8688653125521       -6.23678214101390       7.487638458456146E-002  3.593902506391933E-003  6.054303801442499E-002  -3752.78935952373     
   6.94281055211579        25.5551706668744       -6.27099978931744       7.388378670215685E-002  3.660435584927567E-003  6.086571228019785E-002  -3752.47790646855     
   6.96612814640546        25.2471761024676       -6.30623294805582       7.295381126392100E-002  3.724264794039074E-003  6.118545367921981E-002  -3700.86935781348     
   6.98900572833443        24.9558085880744       -6.34139754071050       7.192131090554835E-002  3.785313292341725E-003  6.149588813172607E-002  -3700.65167628257     
   7.01143817798269        24.6683157382959       -6.37685588768316       7.091846670698118E-002  3.843531141974812E-003  6.180383925199644E-002  -3650.64259830071     
   7.03342047504922        24.3973617582909       -6.41180298408307       6.983183963320935E-002  3.898897700566944E-003  6.210184948922035E-002  -3650.50921988333     
   7.05494769997553        24.1287423737484       -6.44643404098256       6.874638336585713E-002  3.951416068531626E-003  6.239769002313519E-002  -3602.34819647602     
   7.07601503504662        23.8763606509445       -6.48019819413655       6.759500681977253E-002  4.001113198131546E-003  6.268309298093987E-002  -3602.28604881795     
   7.09661776546918        23.6250957475092       -6.51316876244078       6.642185265173542E-002  4.048035152076948E-003  6.296650785630106E-002  -3556.17216557320     
   7.11675128042672        23.3896216523466       -6.54501145764418       6.519881116956398E-002  4.092245747478307E-003  6.323911953145894E-002  -3556.16656674224     
   7.13641107411151        23.1543761979122       -6.57571884716937       6.393699633660854E-002  4.133822694631318E-003  6.350980313072703E-002  -3512.25265087953     
   7.15559274673288        22.9343856354914       -6.60512940373422       6.263883521344983E-002  4.172855490497131E-003  6.376943807570164E-002  -3512.28900108765     
   7.17429200550196        22.7140480411688       -6.63318952304360       6.129071516176432E-002  4.209442440054736E-003  6.402709764872690E-002  -3470.68670286943     
   7.19250466559233        22.5083839417537       -6.65986606200620       5.991697541534734E-002  4.243688349065029E-003  6.427356977801314E-002  -3470.75172173433     
   7.21022665107662        22.3020753353567       -6.68508609773916       5.848730896175409E-002  4.275702363051330E-003  6.451792783663438E-002  -3431.53759553973     
   7.22745399583861        22.1098441404207       -6.70890423817544       5.703996542532163E-002  4.305595827980098E-003  6.475105204801837E-002  -3431.62006561883     
   7.24418284446095        21.9169051115002       -6.73124726033252       5.553501751435792E-002  4.333480832964683E-003  6.498184776273404E-002  -3394.84194435457     
   7.26040945308785        21.7374524387899       -6.75222329562816       5.401791163141968E-002  4.359468443287800E-003  6.520144192525792E-002  -3394.93300861534     
   7.27613019026308        21.5574155441476       -6.77177068127816       5.244466171931294E-002  4.383667809223939E-003  6.541843170909706E-002  -3360.61614204261     
   7.29134153774256        21.3902899970638       -6.79002436863545       5.086298505182626E-002  4.406184846888403E-003  6.562431865742444E-002  -3360.70925516696     
   7.30604009128181        21.2228454400146       -6.80694015246805       4.922849359253285E-002  4.427121774605696E-003  6.582727619858790E-002  -3328.86186274709     
   7.32022256139775        21.0677580514475       -6.82266052884104       4.758834550805351E-002  4.446576229006407E-003  6.601928544292096E-002  -3328.95251521588     
   7.33388577410493        20.9127182817280       -6.83716014510971       4.589930398175118E-002  4.464641105001040E-003  6.620800137361219E-002  -3299.57056297927     
   7.34702667162580        20.7695030505530       -6.85057630635935       4.420732190422842E-002  4.481404044335964E-003  6.638597009262985E-002  -3299.65589042347     
   7.35964231307508        20.6267701374381       -6.86290090010316       4.246979284082134E-002  4.496947477953735E-003  6.656025085966102E-002  -3272.72702755774     
   7.37172987511790        20.4953490509812       -6.87425856220363       4.073283758706281E-002  4.511348404320451E-003  6.672402249685896E-002  -3272.80539563976     
   7.38328665260162        20.3648869412542       -6.88465513963524       3.895217544293082E-002  4.524678558013104E-003  6.688368505560456E-002  -3248.31207723261     
   7.39431005916129        20.2452411034774       -6.89419901226636       3.717704940938878E-002  4.537004396233112E-003  6.703309823584919E-002  -3248.38270341170     
   7.40479762779843        20.1270534975868       -6.90290609169071       3.535797055755632E-002  4.548387340626585E-003  6.717794663249262E-002  -3226.30458325611     
   7.41474701143315        20.0192006581667       -6.91086755222452       3.355115944463612E-002  4.558883902415569E-003  6.731278972147239E-002  -3226.36722823459     
   7.42415598342942        19.9133143013443       -6.91810557214786       3.169788629969947E-002  4.568545961574806E-003  6.744253351480028E-002  -3206.68293439599     
   7.43302243809336        19.8172922490209       -6.92469476543027       2.986535609710446E-002  4.577420973883368E-003  6.756240705280644E-002  -3206.73767250156     
   7.44134439114454        19.7237449348604       -6.93066026087080       2.798171180166545E-002  4.585552259106270E-003  6.767645015665205E-002  -3189.42608487828     
   7.44911998015997        19.6395998460692       -6.93606156991832       2.612884449959947E-002  4.592979240665812E-003  6.778046997522785E-002  -3189.47314667232     
   7.45634746499100        19.5584322955013       -6.94092408264594       2.421823429245906E-002  4.599737714116150E-003  6.787754873721041E-002  -3174.51428875398     
   7.46302522815269        19.4862110948677       -6.94529398362570       2.234993299397535E-002  4.605860074994516E-003  6.796398207211123E-002  -3174.55396170970     
   7.46915177518581        19.4174619435255       -6.94919488953230       2.041549462336235E-002  4.611375540697964E-003  6.804195047201324E-002  -3161.92960698094     
   7.47472573499133        19.3572077522850       -6.95266152390903       1.853615122266833E-002  4.616310334613163E-003  6.810836524475523E-002  -3161.96219633077     
   7.47974586013722        19.3009110592964       -6.95571435554331       1.658169452438772E-002  4.620687848540703E-003  6.816497765388649E-002  -3151.65621051595     
   7.48421102713764        19.2526633463828       -6.95837849481424       1.469438438259458E-002  4.624528774902518E-003  6.820982989745827E-002  -3151.68144386105     
   7.48812023670439        19.2088427890230       -6.96067034278507       1.272982133554707E-002  4.627851218689402E-003  6.824504999235773E-002  -3143.68303105465     
   7.49147261397052        19.1726069950854       -6.96260785552967       1.083101526374370E-002  4.630670791616391E-003  6.827024947622340E-002  -3143.70632139139     
   7.49426740868614        19.1413391584312       -6.96420369344078       8.804000649430011E-003  4.633000695049489E-003  6.828811167272331E-002  -3137.96341760585     
   7.49650399538631        19.1173115964605       -6.96546583677429       6.952066991165757E-003  4.634851794657912E-003  6.829931698405868E-002  -3137.95656168839     
   7.49818187353102        19.0982143431488       -6.96640297741201       5.284366773399981E-003  4.636232687257686E-003  6.830664873111997E-002  -3134.88970606917     
   7.49930066761722        19.0856021741271       -6.96703054505480       3.063305595743086E-003  4.637149760705486E-003  6.831070988092602E-002  -3134.94235451084     
   7.49986012726284        19.0806923296846       -6.96734549859697       1.202025544285318E-003  4.637607244678957E-003  6.831180334185669E-002  -3129.65729969875     
   7.50139839871798        19.0694692731337       -6.96816704479198       5.307260828360782E-003  4.638871441814903E-003  6.831361800152021E-002  -3132.07947128376     
   7.50363473514814        19.0427527985419       -6.96935580020438       9.870311196283973E-003  4.640702181273939E-003  6.832074667577021E-002  -3131.93691072625     
   7.50698673728933        19.0067191382992       -6.97114295050620       1.380682687424574E-002  4.643425452408489E-003  6.832768697761801E-002  -3124.68670522939     
   7.51145140464565        18.9560734296818       -6.97346902000829       1.762524468030472E-002  4.647014382122389E-003  6.833660223143764E-002  -3124.84579808113     
   7.51702474073515        18.8970544335781       -6.97630063080052       2.142330075674111E-002  4.651433998635121E-003  6.834304261487301E-002  -3113.47290608438     
   7.52370175666723        18.8210251260646       -6.97960036378763       2.533383759804153E-002  4.656641944606803E-003  6.835214062350756E-002  -3113.59938665957     
   7.53147647560833        18.7386120480459       -6.98330766230196       2.913026657459695E-002  4.662589336629948E-003  6.835692190115927E-002  -3097.80130918221     
   7.54034193813205        18.6378830479664       -6.98737835455058       3.297324255517764E-002  4.669221738610192E-003  6.836529641561648E-002  -3097.95280712163     
   7.55029020844875        18.5323662326015       -6.99173667648230       3.671919215223368E-002  4.676480251412580E-003  6.836832355312784E-002  -3077.88547308288     
   7.56131238150918        18.4074601437057       -6.99634286316447       4.051855663586338E-002  4.684302641934437E-003  6.837589605058216E-002  -3078.04063629297     
   7.57339859097569        18.2791986649445       -7.00111149926563       4.419807793291355E-002  4.692624567327229E-003  6.837751015989579E-002  -3053.88324242772     
   7.58653801805392        18.1307928684653       -7.00601503515966       4.794295265236066E-002  4.701380722471612E-003  6.838436546555941E-002  -3054.02224477398     
   7.60071890117713        17.9802542353043       -7.01097084636963       5.154636883308072E-002  4.710506087038029E-003  6.838494694976649E-002  -3025.98820947738     
   7.61592854653436        17.8091791475288       -7.01596467247348       5.521826355562381E-002  4.719936954078940E-003  6.839117968227518E-002  -3026.08987817983     
   7.63215333943314        17.6369621475888       -7.02093943304028       5.873986928742601E-002  4.729612060425532E-003  6.839104011321598E-002  -2994.42504385189     
   7.64937875648645        17.4442150481886       -7.02588203274356       6.231605257309120E-002  4.739473437921872E-003  6.839672314712732E-002  -2994.46777756333     
   7.66758937861313        17.2510783706301       -7.03079682359458       6.575120697634401E-002  4.749467218819603E-003  6.839609663457752E-002  -2959.44788737474     
   7.68676890484006        17.0378403511922       -7.03564190775532       6.920903373246512E-002  4.759544469826077E-003  6.840128028165035E-002  -2959.41151325631     
   7.70690016689373        16.8247367101011       -7.04052943895511       7.255232175460687E-002  4.769661319769943E-003  6.840034173301308E-002  -2921.33923787602     
   7.72796514456816        16.5923909372323       -7.04534301218082       7.587254698754534E-002  4.779780307598705E-003  6.840505736279857E-002  -2921.20801322790     
   7.74994498185545        16.3605029088454       -7.05034809379555       7.911690361128475E-002  4.789869263039774E-003  6.840394247899821E-002  -2880.40959686570     
   7.77282000382441        16.1106506898733       -7.05530288901809       8.228563236382541E-002  4.799904123064624E-003  6.840820645332411E-002  -2880.17630583388     
   7.79656973423237        15.8614201499390       -7.06065287894123       8.542201572939494E-002  4.809865788533484E-003  6.840702584047174E-002  -2836.99789357099     
   7.82117291385410        15.5958855116008       -7.06598931055972       8.843114125847087E-002  4.819745628967422E-003  6.841084439168781E-002  -2836.66855965808     
   7.84660751951177        15.3310223300550       -7.07192881161548       9.144823894938972E-002  4.829539470984149E-003  6.840969043393778E-002  -2791.47194435815     
   7.87285078378862        15.0518262284059       -7.07787312437643       9.429430571754513E-002  4.839256904153124E-003  6.841306612735643E-002  -2791.07031165511     
   7.89987921540892        14.7732737921191       -7.08455929386020       9.717780347230262E-002  4.848911708013979E-003  6.841201359465554E-002  -2744.22712860539     
   7.92766862026584        14.4825490256880       -7.09119408536802       9.985927842798768E-002  4.858535531993961E-003  6.841495315569097E-002  -2743.79776305356     
   7.95619412307842        14.1923767106556       -7.09855176665891       0.102590379736108       4.868164355048697E-003  6.841405544101946E-002  -2695.68029078457     
   7.98543018965835        13.8921901237312       -7.10564223951239       0.105103397932384       4.877856328423452E-003  6.841657793958300E-002  -2695.28882125941     
   8.01535064976651        13.5923815217579       -7.11318488488480       0.107656557082721       4.887674039134302E-003  6.841586124991628E-002  -2646.25492915761     
   8.04592872053889        13.2844377603800       -7.11997709578693       0.109989405605965       4.897705664824797E-003  6.841800501987175E-002  -2645.98357381407     
   8.07713703046087        12.9765550265241       -7.12661284209524       0.112329638267936       4.908042596213131E-003  6.841746314343167E-002  -2596.35341928602     
   8.10894764386843        12.6617808340088       -7.13163816568556       0.114456614970961       4.918802964911242E-003  6.841928932453406E-002  -2596.28971252505     
   8.14133208595438        12.3465147348344       -7.13550013994770       0.116537254045431       4.930103453492992E-003  6.841888186679201E-002  -2546.31287064722     
   8.17426136825711        12.0245655779364       -7.13644108476286       0.118413077330040       4.942084894481392E-003  6.842047211345434E-002  -2546.52976446683     
   8.20770601460925        11.7012274525489       -7.13480306374779       0.120175349019766       4.954876093858466E-003  6.842012925909197E-002  -2496.34377773589     
   8.24163608752282        11.3700146380282       -7.12849482144868       0.121731903457472       4.968622280455756E-003  6.842157511365329E-002  -2496.87039059174     
   8.27602121498730        11.0360839400280       -7.11785189992127       0.123108051640026       4.983438172545673E-003  6.842121181546089E-002  -2446.45530425105     
   8.31083061765673        10.6914801242555       -7.10050628828914       0.124255770126718       4.999440741612218E-003  6.842259374124232E-002  -2447.23975992131     
   8.34603313640139        10.3423779141973       -7.07691034327792       0.125177497057559       5.016689679406545E-003  6.842213546712676E-002  -2396.37793298423     
   8.38159726019941        9.97830840621877       -7.04465020973451       0.125813934036097       5.035224950467546E-003  6.842349084549938E-002  -2397.24704674408     
   8.41749115434343        9.60760992630774       -7.00438822726960       0.126227530502289       5.054996685806281E-003  6.842291135368672E-002  -2345.50308953366     
   8.45368268893699        9.21676212589331       -6.95416658394870       0.126255490895500       5.075904005935984E-003  6.842419304931321E-002  -2346.12806188751     
   8.49013946765508        8.81707716610279       -6.89484926459726       0.126144060233309       5.097724604816552E-003  6.842356194926720E-002  -2292.86952478030     
   8.52682885674332        8.39244433440249       -6.82578647573545       0.125500696471585       5.120143521213491E-003  6.842459232232082E-002  -2292.75194681018     
   8.56371801422950        7.95716404809254       -6.74785576627599       0.124912054826048       5.142706185413482E-003  6.842412646354515E-002  -2237.23593875253     
   8.60077391932168        7.49455532734722       -6.66293406700759       0.123608039281616       5.164814430301962E-003  6.842455564639294E-002  -2235.73307334539     
   8.63796340196620        7.02055418476346       -6.57146887393603       0.122683797943558       5.185745037009855E-003  6.842466399649105E-002  -2177.28418331161     
   8.67525317253941        6.52200524748709       -6.47934465361782       0.120847330081012       5.204576757990630E-003  6.842394517398358E-002  -2173.69371628283     
   8.71260985164639        6.01314410210008       -6.38581789029943       0.119844241949093       5.220336214871718E-003  6.842525251872705E-002  -2111.98906628718     
   8.75000000000000        5.49080113256839       -6.30224336938514       0.117758215339034       5.231806484986916E-003  6.842264980582347E-002  -2105.70654655251     
   8.78739014835361        4.96165767484477       -6.22558323585665       0.117048132666111       5.237876395256840E-003  6.842598152411469E-002  -2041.15833358878     
   8.82474682746059        4.44117608305045       -6.17363871403248       0.115161995465149       5.237171404430951E-003  6.842062655449314E-002  -2031.90080375691     
   8.86203659803380        3.91986733158778       -6.13968844229300       0.115194582763550       5.228679563236975E-003  6.842693657070927E-002  -1966.08293019783     
   8.89922608067832        3.44179425990835       -6.14788678092121       0.114089474698641       5.211143290619074E-003  6.841794683679582E-002  -1954.14005080139     
   8.93628198577050        2.97026310135965       -6.18635904601532       0.115306479810069       5.184003220998549E-003  6.842817554334163E-002  -1890.15141421822     
   8.97317114325668        2.58760184767347       -6.28394473879829       0.115598897537724       5.146502462266277E-003  6.841483963298592E-002  -1876.59044205895     
   9.00986053234492        2.21774591457934       -6.42248144704616       0.118303988240089       5.098923414018745E-003  6.842969971544124E-002  -1819.20503998781     
   9.04631731106301        1.98843988203919       -6.63209948842225       0.120493338349918       5.041396107421567E-003  6.841172048491719E-002  -1805.93742820706     
   9.08250884565657        1.77345120486773       -6.88816273271780       0.124706016427506       4.975316201583064E-003  6.843142693536397E-002  -1761.39035285972     
   9.11840273980059        1.74821793329459       -7.21739513293834       0.129000900140018       4.901926052582321E-003  6.840919233914143E-002  -1751.02507158347     
   9.15396686359861        1.73053505911248       -7.59007125028020       0.134346086103281       4.823727287132516E-003  6.843317793861720E-002  -1726.34391001775     
   9.18916938234327        1.93892098719479       -8.02446900623537       0.140527203986123       4.743006807387860E-003  6.840800247340183E-002  -1721.81067240739     
   9.22397878501270        2.13837807315415       -8.48897911226706       0.146215102736515       4.663029052417653E-003  6.843468824404464E-002  -1723.71482577085     
   9.25836391247718        2.57766440052946       -8.98917535099533       0.153588758074433       4.586762730361927E-003  6.840894332952344E-002  -1727.71881112759     
   9.29229398539075        2.98411686086192       -9.49610967031011       0.158510306902016       4.517667736552955E-003  6.843565539872144E-002  -1761.23243935597     
   9.32573863174289        3.61517348031961       -10.0000067227545       0.165970706831702       4.458879766123047E-003  6.841269782213605E-002  -1775.66181499112     
   9.35866791404562        4.18807669493722       -10.4792932158155       0.168885279988166       4.413480299912474E-003  6.843582150642151E-002  -1842.66629098386     
   9.39105235613157        4.93930240340710       -10.9082274726722       0.175060837514947       4.384292355905493E-003  6.841964917732288E-002  -1868.08293293950     
   9.42286296953913        5.61339735718692       -11.2762121438022       0.174820102665338       4.373616689705410E-003  6.843507355738697E-002  -1966.04830106414     
   9.45407127946111        6.39047388451629       -11.5432098136697       0.178263699879069       4.383628952704466E-003  6.842969367604151E-002  -2001.35607640206     
   9.48464935023349        7.08431963869545       -11.7113682985311       0.174020723492815       4.415661503616309E-003  6.843352673433550E-002  -2122.47140390223     
   9.51456981034165        7.78206275675196       -11.7305876372497       0.173421111639110       4.471048402042971E-003  6.844210605168731E-002  -2164.82274095816     
   9.54380587692158        8.40626736182359       -11.6156547834709       0.164798173237623       4.550107478515785E-003  6.843154975789754E-002  -2295.75470269837     
   9.57233137973416        8.91991264013817       -11.3131729874318       0.159205084036897       4.653204653503848E-003  6.845551001298995E-002  -2340.76517015749     
   9.60012078459108        9.38388879486690       -10.8487293616911       0.146401248808646       4.779622721810799E-003  6.842969927606767E-002  -2463.31606394248     
   9.62714921621138        9.61903626365493       -10.1741088280292       0.135440640468622       4.928611545049457E-003  6.846799525566105E-002  -2505.67012666852     
   9.65339248048823        9.83692162743309       -9.32204165284883       0.119248089642128       5.098311260383144E-003  6.842854810018260E-002  -2598.57063424096     
   9.67882708614590        9.71820159910412       -8.25813491344881       0.103272551944086       5.286594331425173E-003  6.847738748111470E-002  -2633.01880170902     
   9.70343026576763        9.61495360368159       -7.01672754038257       8.497459162167029E-002  5.490157621177064E-003  6.842842125981317E-002  -2674.85064259897     
   9.72717999617559        9.09310258433161       -5.58451228805616       6.509090837355035E-002  5.705021849505277E-003  6.848162182281133E-002  -2697.39407105092     
   9.75005501814455        8.61116491403269       -3.99061712444774       4.625666619644270E-002  5.925853031127684E-003  6.842909903378615E-002  -2670.23474509103     
   9.77203485543184        7.66795266037874       -2.24791485979720       2.421242515534916E-002  6.146059415156585E-003  6.847912164512800E-002  -2679.11106033787     
   9.79309983310627        6.77454431841929      -0.373630464800906       6.454681277279278E-003  6.357396181200185E-003  6.842959628537330E-002  -2572.15850013742     
   9.81323109515994        5.42580154915101        1.59026699384686      -1.558468518480060E-002  6.549716055382687E-003  6.846907923657061E-002  -2568.26308535214     
   9.83241062138687        4.12118652881263        3.64338772521739      -3.081035106411137E-002  6.711012128879030E-003  6.842815367693530E-002  -2380.62942084917     
   9.85062124351355        2.41927824509724        5.71378437033290      -5.054412460315721E-002  6.827080988359140E-003  6.845158003291189E-002  -2367.23291838870     
   9.86784666056686       0.746241834747438        7.82009889857739      -6.206243408432122E-002  6.882373104070731E-003  6.842255631757141E-002  -2109.25831719399     
   9.88407145346564       -1.21723981100952        9.86212914505507      -7.736536871279998E-002  6.860045715508321E-003  6.842759148711500E-002  -2091.13163493646     
   9.89928109882287       -3.16483036035565        11.8772675408229      -8.435411915065873E-002  6.744058236595107E-003  6.841083412842082E-002  -1783.77800703923     
   9.91346198194608       -5.25899550845739        13.7433884594738      -9.361196229212759E-002  6.519950133825659E-003  6.839893500187091E-002  -1765.95360704608     
   9.92660140902431       -7.33551037679775        15.5152318312723      -9.568803163505785E-002  6.178064116905175E-003  6.839229763353211E-002  -1438.02692017582     
   9.93868761849082       -9.40018297601990        17.0626627019973      -9.814432976556449E-002  5.714715635312082E-003  6.836839044296622E-002  -1424.44872179971     
   9.94970979155125       -11.4250724023597        18.4561395957410      -9.548657420227852E-002  5.135614078036292E-003  6.836858490456672E-002  -1107.75969374839     
   9.95965806186795       -13.2965864580402        19.5798687794965      -9.149728024330783E-002  4.456761009981451E-003  6.833974760210891E-002  -1100.17574979881     
   9.96852352439167       -15.0903927273722        20.5164536818639      -8.491369051338329E-002  3.706750675968349E-003  6.834371950210165E-002  -823.519074412447     
   9.97629824333277       -16.6354375965845        21.1896862656368      -7.589419330655017E-002  2.925806077222100E-003  6.831683984174233E-002  -821.154208025948     
   9.98297525926485       -18.0590538034318        21.6857633826027      -6.666340568386366E-002  2.163411514908297E-003  6.832187283270134E-002  -605.020383676400     
   9.98854859535435       -19.1953689413522        21.9829127696431      -5.458660673268213E-002  1.471168694274982E-003  6.830091745879430E-002  -605.467973678335     
   9.99301326271067       -20.1685913140251        22.1574083867298      -4.402173055905803E-002  8.933403003001477E-004  6.830404540308053E-002  -459.995179986803     
   9.99636526485186       -20.8589206666613        22.2307439741425      -3.066299582386826E-002  4.578032233351248E-004  6.828999832709842E-002  -460.960551440269     
   9.99860160128202       -21.3496842373997        22.2549925710082       6.248888897982825E-004  1.731222012426940E-004  6.829039587242393E-002  -388.477812215434     
   9.99972027017719       -21.5808838672748        22.2579453227499       2.783988761844121E-002  3.431744427191345E-005  6.828517931191024E-002  -388.877772373132     
