  1.427245123074988E-004   75.0133819694859      -0.365304698698664        18.9897700878672       1.638345251458563E-037  8.565277356846954E-033  -2787.74781306735     
  7.135573766210712E-004   75.0347909256328      -0.365303875022903       2.090839288001305E-004  8.213766776370734E-037  4.321346612271436E-032  -2787.73856382162     
  1.854962395353363E-003   75.0763028846072      -0.365296959978186       3.742640689567055E-004  2.133522246742452E-036  1.150301502526830E-031  -2794.07028000457     
  3.566418267785462E-003   75.1404907904204      -0.365276560413867       4.108940391658137E-004  4.078965397353338E-036  2.294586886166778E-031  -2794.04242843123     
  5.847143340462213E-003   75.2234293235372      -0.365225909101987       4.854468336490715E-004  6.665052969162370E-036  3.949996090879185E-031  -2806.71633114565     
  8.696095964187689E-003   75.3302653788685      -0.365141380294173       6.185240124518649E-004  9.921172320940107E-036  6.245521052397292E-031  -2806.66974262139     
  1.211197496976582E-002   75.4544377526310      -0.364989656358376       6.604019550200769E-004  1.370626413058787E-035  9.367645785121125E-031  -2825.70185530150     
  1.609322026226809E-002   75.6036580972592      -0.364784952625185       8.256037008001684E-004  1.819665255072901E-035  1.357029572766818E-030  -2825.63683064049     
  2.063801353355758E-002   75.7687203307410      -0.364466381649607       8.650759541476835E-004  2.336882769434708E-035  1.924006169495067E-030  -2851.03934309782     
  2.574427909274417E-002   75.9598608661623      -0.364077621534465       1.030291345267834E-003  2.849398306393225E-035  2.686930898380524E-030  -2850.95728470244     
  3.140968481419051E-002   76.1652529367338      -0.363516097622341       1.075205821163086E-003  3.432443504401080E-035  3.724785715803764E-030  -2882.72521808026     
  3.763164320263711E-002   76.3975588630590      -0.362865439510219       1.230989316213963E-003  4.024892657215512E-035  5.136012120878708E-030  -2882.62945321909     
  4.440731257495896E-002   76.6424220798625      -0.361968356708743       1.280509562613732E-003  4.636149719643102E-035  7.082222634074810E-030  -2920.72383197262     
  5.173359835801437E-002   76.9147395824897      -0.360960033384567       1.425703567881042E-003  5.256810736877270E-035  9.767624395607042E-030  -2920.62052560523     
  5.960715450199411E-002   77.1978217744958      -0.359618450615057       1.476774922243053E-003  5.915087573337751E-035  1.352759968736355E-029  -2964.94869717284     
  6.802438500862373E-002   77.5084811599250      -0.358142183660700       1.611968038744573E-003  6.695615822283750E-035  1.879954533903312E-029  -2964.84769597082     
  7.698144557352224E-002   77.8280380459195      -0.356238589551301       1.661408217567003E-003  7.636011302941580E-035  2.629488663399759E-029  -3015.24197548432     
  8.647424534196702E-002   78.1747419155381      -0.354178253676908       1.786836789125343E-003  8.764485879730976E-035  3.697650785055830E-029  -3015.15732715903     
  9.649844877726238E-002   78.5284459046181      -0.351598658970071       1.831830122520948E-003  1.030673446800982E-034  5.239298491540407E-029  -3071.35393449321     
  0.107049477640859        78.9081801269130      -0.348843316140124       1.946978338726877E-003  1.252606780236230E-034  7.471739416050447E-029  -3071.30377649270     
  0.118122513083321        79.2930507293607      -0.345491079321312       1.985166645881352E-003  1.557294915969366E-034  1.074140933548608E-028  -3132.92488127670     
  0.129712497845182        79.7020388834642      -0.341947130526434       2.088870166013045E-003  1.956022599768286E-034  1.555057604213405E-028  -3132.93043495593     
  0.141814138566688        80.1144110566787      -0.337757027246859       2.118408520421531E-003  2.554114125466666E-034  2.269605208893737E-028  -3199.47275572395     
  0.154421908205376        80.5481328448085      -0.333360810481796       2.209086234355436E-003  3.475701696511340E-034  3.336646098344050E-028  -3199.55632125257     
  0.167530048560371        80.9836795698208      -0.328311853206604       2.228728870321457E-003  4.905102827111241E-034  4.944562578445854E-028  -3270.38981419449     
  0.181132572902269        81.4369686168404      -0.323041560004163       2.304655442730212E-003  7.165813562612665E-034  7.381377475599716E-028  -3270.57192584636     
  0.195223268707378        81.8907903413273      -0.317166659896270       2.313847246945964E-003  1.074307797103505E-033  1.110467637457197E-027  -3344.95135863827     
  0.209795700495103        82.3580159937682      -0.311051833784720       2.373448607252289E-003  1.644563616574413E-033  1.682917725259387E-027  -3345.24756371991     
  0.224843212767138        82.8248013985833      -0.304442345105520       2.372381248196702E-003  2.555618758235719E-033  2.569620071207412E-027  -3422.33807952200     
  0.240358933047162        83.3001237558836      -0.297569025764491       2.414534376462730E-003  4.018121809754776E-033  3.952206010204592E-027  -3422.75603220239     
  0.256335775019622        83.7743740994198      -0.290372851751370       2.404135774332860E-003  6.374752884283298E-033  6.122810499139535E-027  -3501.67135789460     
  0.272766441766188        84.2520450958025      -0.282882877046102       2.428439414536925E-003  1.019689627586898E-032  9.554111230590295E-027  -3502.20895339997     
  0.289643429098384        84.7283406187822      -0.275296057471557       2.410285690070031E-003  1.641253424482498E-032  1.501298137854253E-026  -3582.05825227455     
  0.306959028984894        85.2030116090252      -0.267380093413698       2.417260914025729E-003  2.655789684835391E-032  2.375882554226402E-026  -3582.70331500752     
  0.324705333071961        85.6762872010056      -0.259633223271011       2.393422914826705E-003  4.318897900288376E-032  3.785479709359153E-026  -3662.64062003455     
  0.342874236295279        86.1432797344961      -0.251518441344624       2.384608534458472E-003  7.058232319625409E-032  6.073515867386860E-026  -3663.37225980059     
  0.361457440581720        86.6090723964041      -0.243860359140126       2.357463007402045E-003  1.158834304486953E-031  9.808428944488906E-026  -3742.64166055325     
  0.380446458639226        87.0645754461919      -0.235794846296751       2.335389300911357E-003  1.911410238165879E-031  1.594817634467518E-025  -3743.43297406563     
  0.399832617833103        87.5192101903195      -0.228476413248576       2.307432202320923E-003  3.167274548347107E-031  2.609533124641731E-025  -3821.40356065381     
  0.419607064146978        87.9603820297735      -0.220712981314439       2.275480649795920E-003  5.272842599031524E-031  4.298147727490029E-025  -3822.22504441490     
  0.439760766226592        88.4010747224875      -0.213973406206447       2.249175667559446E-003  8.819724710264817E-031  7.122546839510825E-025  -3898.41176127537     
  0.460284519504582        88.8260461137413      -0.206755324486003       2.211354112285408E-003  1.482341634579015E-030  1.187831361969441E-024  -3899.23471166016     
  0.481168950404382        89.2509176407013      -0.200812613997555       2.189036462624059E-003  2.503489251319125E-030  1.992496743290779E-024  -3973.30404043690     
  0.502404520621303        89.6587096605359      -0.194363069299901       2.149712016424217E-003  4.248761324549954E-030  3.362703729738218E-024  -3974.10333931825     
  0.523981531478857        90.0667209823131      -0.189409156821492       2.133551720729886E-003  7.246106409542191E-030  5.706657385510415E-024  -4045.86530875825     
  0.545890128358317        90.4571018514242      -0.183925265044714       2.097185507593437E-003  1.241843991575920E-029  9.740695377161419E-024  -4046.62124326812     
  0.568120305199509        90.8479303164982      -0.180125495225753       2.089201062263769E-003  2.138631753931239E-029  1.671356469362915E-023  -4116.01106249812     
  0.590661909070758        91.2212397076039      -0.175776767840155       2.060121153941304E-003  3.700722611620322E-029  2.883467194613636E-023  -4116.71009947946     
  0.613504644805922        91.5951217799497      -0.173272851566058       2.062226881521746E-003  6.434079124965909E-029  4.999080651989290E-023  -4183.76350047202     
  0.636638079706386        91.9520891566401      -0.170203367538362       2.044462480379967E-003  1.123810508608723E-028  8.711044709430766E-023  -4184.39815009758     
  0.660051648305863        92.3096539216167      -0.169118694108943       2.058531273268606E-003  1.971777459029759E-028  1.524850863102442E-022  -4249.22440814804     
  0.683734657195844        92.6512316214184      -0.167451909091251       2.055716717162383E-003  3.474754485044238E-028  2.681733364119190E-022  -4249.79243233029     
  0.707676289909468        92.9933447575280      -0.167898138574149       2.083642797569902E-003  6.149341351461142E-028  4.736077404442288E-022  -4312.54830382656     
  0.731865611861606        93.3205690970675      -0.167743233957491       2.098987667625018E-003  1.092706496256361E-027  8.399800527381320E-022  -4313.05155729629     
  0.756291575342885        93.6482005029169      -0.169827287592053       2.142739099422738E-003  1.949274142747786E-027  1.495419457204166E-021  -4373.91836613134     
  0.780943024565384        93.9620869980377      -0.171286123149818       2.179052374603727E-003  3.490283131796680E-027  2.672462143946742E-021  -4374.36152652902     
  0.805808700757686        94.2762086962946      -0.175116944744602       2.240708331284102E-003  6.271610760859211E-027  4.792089105847554E-021  -4433.52661654110     
  0.830877247306966        94.5776816808231      -0.178290925615089       2.300460436655434E-003  1.130697278996518E-026  8.621713743896455E-021  -4433.91599460830     
  0.856137214945766        94.8791971261999      -0.183985631272208       2.382232352741581E-003  2.044861333961715E-026  1.555754994246017E-020  -4491.55891558467     
  0.881577066981088        95.1690500683485      -0.188982052120694       2.467638375882187E-003  3.708910882883427E-026  2.815400702438065E-020  -4491.90146266488     
  0.907185184563411        95.4587520836660      -0.196671280152814       2.571876577089675E-003  6.745047272124076E-026  5.107714568630677E-020  -4548.18464461221     
  0.932949871993239        95.7376326974857      -0.203608918392010       2.684985720625708E-003  1.229683369266385E-025  9.288745809632708E-020  -4548.48720864531     
  0.958859362062736        96.0161849909484      -0.213441322768827       2.814174023075950E-003  2.246737170169592E-025  1.692696254228435E-019  -4603.55050555942     
  0.984901821430033        96.2845985010948      -0.222455199533370       2.956953353709787E-003  4.113168493394174E-025  3.090549225658313E-019  -4603.81933674495     
   1.01106535602373        96.5525348288117      -0.234601102309085       3.113693846384808E-003  7.542878227838916E-025  5.651771860682241E-019  -4657.77764910458     
   1.03733801647514        96.8108590431212      -0.245846415099375       3.288097665642056E-003  1.385324320268049E-024  1.035042102207637E-018  -4658.01812433665     
   1.06370780357578        97.0685941983658      -0.260500658154815       3.475086935067036E-003  2.547305229090950E-024  1.897677146813099E-018  -4710.96128535672     
   1.09016267375764        97.3171009571121      -0.274155923745411       3.683106034862036E-003  4.688646590734652E-024  3.482578735252738E-018  -4711.17780446162     
   1.11669054459370        97.5649485081603      -0.291539952185270       3.903102894506452E-003  8.635804942171429E-024  6.395400786786406E-018  -4763.17198536570     
   1.14327930031618        97.8038272671495      -0.307809396933668       4.146790276192258E-003  1.591382268291226E-023  1.175004921199297E-017  -4763.36798832327     
   1.16991679735008        98.0420200034465      -0.328172578589073       4.402573944617316E-003  2.932952313305649E-023  2.159218587587647E-017  -4814.45799776255     
   1.19659086985931        98.2714005222625      -0.347287789152338       4.684045208618853E-003  5.405409128096274E-023  3.967811363750527E-017  -4814.63605627800     
   1.22328933530311        98.5001106643423      -0.370907936884750       4.978362033265247E-003  9.958146536072085E-023  7.289327291321783E-017  -4864.84804539659     
   1.25000000000000        98.7200828567835      -0.393128748152203       5.299769667784648E-003  1.833565841866733E-022  1.338492330448050E-016  -4865.00999067946     
   1.27671066469689        98.9394400855499      -0.420311770901276       5.635266004829876E-003  3.372928297239553E-022  2.455976488064111E-016  -4914.35420643612     
   1.30340913014069        99.1500699700139      -0.445926327006441       5.998747369630316E-003  6.198116126291788E-022  4.502167209789205E-016  -4914.50126497773     
   1.33008320264992        99.3601761557759      -0.477004895942593       6.377886122549983E-003  1.137288604645779E-021  8.243243413540745E-016  -4962.97460794112     
   1.35672069968382        99.5615174993913      -0.506328779005099       6.785485210507071E-003  2.083517455367410E-021  1.507175211090275E-015  -4963.10752656606     
   1.38330945540630        99.7624576351358      -0.541659858949512       7.210443778389938E-003  3.809325365012083E-021  2.751119442112579E-015  -5010.69576041706     
   1.40983732624236        99.9545593339969      -0.575034141082361       7.664007005398955E-003  6.950049942128244E-021  5.012420187894135E-015  -5010.81490989003     
   1.43629219642422        100.146408611563      -0.614995205550625       8.136554957741527E-003  1.264792626951566E-020  9.113154516724361E-015  -5057.49443810185     
   1.46266198352486        100.329318127983      -0.652783243669666       8.637601415769473E-003  2.295691223121029E-020  1.653061116592769E-014  -5057.59989074540     
   1.48893464397627        100.512145371498      -0.697766964967808       9.158957054315641E-003  4.154012705692331E-020  2.990872752852912E-014  -5103.33906421539     
   1.51509817856997        100.685908703584      -0.740349725427404       9.708523967641446E-003  7.493064209714178E-020  5.396547230376634E-014  -5103.43064544744     
   1.54114063793726        100.859776532432      -0.790756909809626       1.027919002869413E-002  1.346734780712136E-019  9.708031623895725E-014  -5148.19059773858     
   1.56705012800676        101.024435267863      -0.838526581222453       1.087765465853252E-002  2.411668498709578E-019  1.740881014418627E-013  -5148.26791454474     
   1.59281481543659        101.189397444233      -0.894757104719510       1.149723473823301E-002  4.300882593422686E-019  3.111109725696087E-013  -5192.00294413029     
   1.61842293301891        101.344983491463      -0.948108733587697       1.214411474875843E-002  7.638139531086196E-019  5.539895082287043E-013  -5192.06539573048     
   1.64386278505423        101.501079955589       -1.01055023009370       1.281111360771746E-002  1.350201751273309E-018  9.826757965338392E-013  -5234.72293270247     
   1.66912275269303        101.647608588278       -1.06987109787358       1.350484899765387E-002  2.375630100472108E-018  1.736119961301103E-012  -5234.76971052140     
   1.69419129924231        101.794858733995       -1.13888516397442       1.421646175483106E-002  4.158343825814144E-018  3.054140043495732E-012  -5276.28992398537     
   1.71905697543462        101.932320657504       -1.20454162184773       1.495418294883728E-002  7.241233424607236E-018  5.349129111301490E-012  -5276.32000984845     
   1.74370842465712        102.070715482359       -1.28044734409743       1.570608037103753E-002  1.253864823515519E-017  9.324751541920303E-012  -5316.63513666550     
   1.76813438813839        102.199068754749       -1.35276884406575       1.648336906086601E-002  2.158857670888951E-017  1.617721409108751E-011  -5316.64731006744     
   1.79232371009053        102.328562656227       -1.43582354203096       1.726948878060955E-002  3.694304927080344E-017  2.792245423506788E-011  -5355.68081992288     
   1.81626534280416        102.447725478584       -1.51508366852513       1.808014075414469E-002  6.282967923305388E-017  4.794529773498073E-011  -5355.67368710769     
   1.83994835169414        102.568228674325       -1.60546090673382       1.889249739147199E-002  1.061517655579843E-016  8.187439540996261E-011  -5393.33944576790     
   1.86336192029361        102.678074297144       -1.69185534984917       1.972830006225062E-002  1.781581464775412E-016  1.390355009672916E-010  -5393.31150467179     
   1.88649535519408        102.789447119291       -1.78962053615937       2.055683091343622E-002  2.969035102183641E-016  2.347156261601691E-010  -5429.51315660852     
   1.90933809092924        102.889802358913       -1.88324219376622       2.140737270805291E-002  4.912912758277056E-016  3.938846269257036E-010  -5429.46291143743     
   1.93187969480049        102.991852982175       -1.98832648362033       2.223983976031204E-002  8.068663590742546E-016  6.568502791812717E-010  -5464.09376987416     
   1.95410987164168        103.082502036674       -2.08913827803763       2.309237392083926E-002  1.315171558070525E-015  1.088457748607400E-009  -5464.01990576704     
   1.97601846852114        103.174989480382       -2.20131206378507       2.391434700240472E-002  2.126753535356717E-015  1.791682666920168E-009  -5496.96370063281     
   1.99759547937870        103.255684772702       -2.30911864463595       2.475373831754182E-002  3.411783609098003E-015  2.929523559177510E-009  -5496.86532087979     
   2.01883104959562        103.338329156597       -2.42796661136748       2.554868725700326E-002  5.427790536921270E-015  4.756345059438039E-009  -5527.99819200937     
   2.03971548049542        103.408810678222       -2.54238689207014       2.635747566712545E-002  8.562759010792935E-015  7.667886446250627E-009  -5527.87510649986     
   2.06023923377341        103.481312552364       -2.66728738641713       2.710699990463358E-002  1.339102900833096E-014  1.227033634288767E-008  -5557.06921049007     
   2.08039293585302        103.541336494230       -2.78773076118007       2.786561777795239E-002  2.075830584733626E-014  1.948961990356275E-008  -5556.92224483669     
   2.10016738216690        103.603406427761       -2.91784287784672       2.854983801479491E-002  3.188757339327854E-014  3.071626946209685E-008  -5584.05123457482     
   2.11955354136077        103.652782679724       -3.04349281699038       2.923701507918414E-002  4.853641271599550E-014  4.803302793503535E-008  -5583.88250785658     
   2.13854255941828        103.704181044367       -3.17775489958664       2.983514146340368E-002  7.318430232170561E-014  7.450252270621892E-008  -5608.82891616543     
   2.15712576370472        103.742817463915       -3.30756413106710       3.042851927174549E-002  1.093037166658437E-013  1.146168322521556E-007  -5608.64201812927     
   2.17529466692804        103.783402484470       -3.44470700714037       3.091959353730209E-002  1.616662935710877E-013  1.748349633528256E-007  -5631.30622872298     
   2.19304097101511        103.811351924959       -3.57740828941112       3.139654710420121E-002  2.367733663028380E-013  2.644197430586263E-007  -5631.10622388334     
   2.21035657090162        103.841131825379       -3.71598528049450       3.176033326978188E-002  3.433118707051624E-013  3.963753652796929E-007  -5651.41628632205     
   2.22723355823381        103.858636236239       -3.85012052675989       3.209896128178182E-002  4.927745681138607E-013  5.889021330001228E-007  -5651.20949126658     
   2.24366422498038        103.877819201932       -3.98855407692591       3.231693449852730E-002  7.000631973034185E-013  8.669088010089857E-007  -5669.13062863883     
   2.25964106695284        103.885344253740       -4.12252220471421       3.249713681378759E-002  9.842768713806657E-013  1.264337414457214E-006  -5668.92415242275     
   2.27515678723286        103.894378670999       -4.25916417827399       3.255349721687012E-002  1.369385052381442E-012  1.826394410481648E-006  -5684.46655712050     
   2.29020429950490        103.892632813874       -4.39128483942855       3.255802153105032E-002  1.885060730920689E-012  2.612861666652274E-006  -5684.26765450109     
   2.30477673129262        103.892230499827       -4.52448480687706       3.244064205856369E-002  2.567223729871241E-012  3.701078396160899E-006  -5697.49119787295     
   2.31886742709773        103.882164285307       -4.65307185353028       3.225596826227973E-002  3.458646562379278E-012  5.189821509107704E-006  -5697.30654205373     
   2.33246995143963        103.873301469967       -4.78124581888979       3.195717025337365E-002  4.609018112298587E-012  7.202943231831490E-006  -5708.32139640798     
   2.34557809179462        103.856086000756       -4.90468197669012       3.157412878801825E-002  6.074891883355799E-012  9.892031451356532E-006  -5708.15640901305     
   2.35818586143331        103.839980328053       -5.02637363122578       3.109116117704018E-002  7.918798498847962E-012  1.344079614540658E-005  -5717.11923552535     
   2.37028750215482        103.816967057560       -5.14317722218980       3.050525888539152E-002  1.020801992879115E-011  1.806182173289974E-005  -5716.97760189469     
   2.38187748691668        103.795032910821       -5.25710510676784       2.984033647592246E-002  1.301228257910430E-011  2.400315084410019E-005  -5724.08372188462     
   2.39295052235914        103.767699771361       -5.36598107369734       2.905187613481025E-002  1.640093881594729E-011  3.152930449963307E-005  -5723.96717179367     
   2.40350155122274        103.741487642730       -5.47106760889233       2.821163503382212E-002  2.043900489538562E-011  4.093557702958403E-005  -5729.43979004069     
   2.41352575465803        103.711377957564       -5.57093811116682       2.722581271247055E-002  2.518270218274926E-011  5.249626610346327E-005  -5729.34815652604     
   2.42301855442648        103.682505469524       -5.66631954001042       2.622012983126682E-002  3.067411228231828E-011  6.650070286801619E-005  -5733.42606842523     
   2.43197561499138        103.651166106824       -5.75633305073318       2.504728771986855E-002  3.693566870280402E-011  8.314491723416190E-005  -5733.35757583911     
   2.44039284549801        103.621248358974       -5.84135203660968       2.388765467408024E-002  4.396441849830936E-011  1.026161398510762E-004  -5736.28280416518     
   2.44826640164199        103.590172402581       -5.92087290249790       2.254366913508016E-002  5.172683641304330E-011  1.249041226615625E-004  -5736.23449979313     
   2.45559268742504        103.560757891584       -5.99505668354394       2.124167245307489E-002  6.015444546701551E-011  1.499715710830444E-004  -5738.24103119038     
   2.46236835679736        103.531335307507       -6.06363768988548       1.974809679923155E-002  6.914103819853655E-011  1.774755637310260E-004  -5738.20926804367     
   2.46859031518581        103.503851486383       -6.12666266177083       1.831480943837122E-002  7.854193970374012E-011  2.070559506517784E-004  -5739.51362573783     
   2.47425572090726        103.477329481095       -6.18400050329772       1.669810891944344E-002  8.817593844103712E-011  2.379874534754161E-004  -5739.49451982923     
   2.47936198646644        103.453039821784       -6.23564248854676       1.514438488584400E-002  9.783014375473682E-011  2.695822651512206E-004  -5740.28846169919     
   2.48390677973773        103.430493564494       -6.28152216517448       1.343442473189018E-002  1.072678219383224E-010  3.008275404951362E-004  -5740.27816700153     
   2.48788802503023        103.410464849129       -6.32161233452126       1.178288412894235E-002  1.162387739893615E-010  3.308385171776553E-004  -5740.72401361254     
   2.49130390403581        103.392765124611       -6.35588448146488       1.000010463945572E-002  1.244914169524677E-010  3.585508458905245E-004  -5740.72114347237     
   2.49415285665954        103.377866756705       -6.38433397041120       8.201059058145275E-003  1.317853817102779E-010  3.831051995143741E-004  -5740.93251700214     
   2.49643358173221        103.365767367236       -6.40698195508814       6.440073544585177E-003  1.379033506966031E-010  4.036503758377546E-004  -5740.92132647512     
   2.49814503760465        103.356422066020       -6.42387617994281       4.901421177672118E-003  1.426610559185908E-010  4.196203406566487E-004  -5741.18626405665     
   2.49928644262338        103.349935766513       -6.43508643268432       2.800350708827986E-003  1.459148133172145E-010  4.305242735213597E-004  -5741.21142992424     
   2.49985727548769        103.347571096195       -6.44067307707191       8.586899488879180E-004  1.475665248705057E-010  4.359049190069911E-004  -5739.05238963110     
   2.50035681331791        103.345822992099       -6.44567307085283       1.288946660067978E-003  1.490470199157778E-010  4.406072760385997E-004  -5741.25356834382     
   2.50092767877376        103.342569783874       -6.45142367381114       2.347239694644791E-003  1.507632329965854E-010  4.462216325276617E-004  -5741.24702676337     
   2.50178389547777        103.337783114005       -6.46004788559121       3.302301137779377E-003  1.533735115028655E-010  4.546903856483727E-004  -5741.07695651706     
   2.50292536566467        103.331528753268       -6.47154143678648       4.200188303937616E-003  1.569220893239413E-010  4.660700412584416E-004  -5741.08015748404     
   2.50435195899812        103.323632984110       -6.48589916528326       5.122570160020407E-003  1.614697917133954E-010  4.804694376681011E-004  -5741.15070789194     
   2.50606351258560        103.314048477135       -6.50311596353077       6.073326384512948E-003  1.670957030475439E-010  4.979744591046420E-004  -5741.14994006733     
   2.50805983099702        103.302775745089       -6.52318318617023       7.012916515560330E-003  1.738993618387874E-010  5.186849991334008E-004  -5741.17345958161     
   2.51034068628699        103.289744506503       -6.54609312363702       7.975509874880337E-003  1.820035632424737E-010  5.426764549845941E-004  -5741.17427622866     
   2.51290581802094        103.274934616001       -6.57183129182615       8.927648338782129E-003  1.915578728367224E-010  5.700679629399678E-004  -5741.15517790051     
   2.51575493330474        103.258220293633       -6.60038900253267       9.915433277659997E-003  2.027429827904068E-010  6.009072298374022E-004  -5741.15628654871     
   2.51888770681825        103.239627867071       -6.63174248556815       1.088599634441769E-002  2.157760759361205E-010  6.353262038422626E-004  -5741.04834143407     
   2.52230378085239        103.218952309199       -6.66588407947736       1.190157143307835E-002  2.309174017625358E-010  6.733307243558606E-004  -5741.05038542210     
   2.52600276535004        103.196285911919       -6.70277509519491       1.289501692224450E-002  2.484783221659001E-010  7.150718015242154E-004  -5740.80471340474     
   2.52998423795053        103.171314921390       -6.74241320669872       1.394209376234211E-002  2.688311371086820E-010  7.605036217012587E-004  -5740.80794698070     
   2.53424774403788        103.144231635726       -6.78473625085513       1.496325510422842E-002  2.924210900647715E-010  8.098024276367916E-004  -5740.36661447528     
   2.53879279679276        103.114579946369       -6.82975446766478       1.604476098865179E-002  3.197810165426019E-010  8.628650866073573E-004  -5740.37140613128     
   2.54361887724798        103.082688605506       -6.87736984389402       1.709843335181475E-002  3.515492592095998E-010  9.198986348600918E-004  -5739.66894433924     
   2.54872543434784        103.047922501778       -6.92761641794940       1.821679969021285E-002  3.884915276123763E-010  9.807409072837821E-004  -5739.67566481532     
   2.55411188501099        103.010786606464       -6.98034317913303       1.930760203459441E-002  4.315276857461534E-010  1.045632767748956E-003  -5738.63977022488     
   2.55977761419704        102.970428286227       -7.03562426120642       2.046475394797432E-002  4.817644300621804E-010  1.114355259431771E-003  -5738.64879015388     
   2.56572197497678        102.927570237611       -7.09323281284684       2.159694465429882E-002  5.405354324573088E-010  1.187182632890925E-003  -5737.20142865075     
   2.57194428860604        102.881103526275       -7.15330547490093       2.279431427270903E-002  6.094502491607490E-010  1.263845241609539E-003  -5737.21309451888     
   2.57844384460319        102.832010173820       -7.21551021130460       2.397160639870935E-002  6.904545638884434E-010  1.344646408195488E-003  -5735.27190635773     
   2.58521990083029        102.778887848944       -7.28007561336644       2.521012603451477E-002  7.859033749366579E-010  1.429275504087793E-003  -5735.28651548541     
   2.59227168357778        102.723017522083       -7.34652805063837       2.643550623412324E-002  8.986514031359166E-010  1.518056829632101E-003  -5732.76656358254     
   2.59959838765288        102.662670329380       -7.41522519312225       2.771558200069063E-002  1.032162366481739E-009  1.610651623967425E-003  -5732.78433660406     
   2.60719917647150        102.599461419756       -7.48550815265438       2.899114020456210E-002  1.190644401277520E-009  1.707393763151872E-003  -5729.60020341505     
   2.61507318215376        102.531308749969       -7.55790873035525       3.031260631550107E-002  1.379212445301816E-009  1.807931686632001E-003  -5729.62125633021     
   2.62321950562310        102.460189802175       -7.63153219075027       3.163938273915825E-002  1.604090250602257E-009  1.912594875883918E-003  -5725.68946726572     
   2.63163721670893        102.383651838248       -7.70713711529263       3.300144010294477E-002  1.872849821633971E-009  2.021035977346414E-003  -5725.71378556287     
   2.64032535425285        102.304052964740       -7.78353637126420       3.437929611048197E-002  2.194710788238061E-009  2.133564440851404E-003  -5720.95550112605     
   2.64928292621838        102.218563923855       -7.86177453855714       3.578044151924845E-002  2.580889524334616E-009  2.249854906868756E-003  -5720.98291906089     
   2.65850890980426        102.129929196086       -7.94031126388993       3.720796084738969E-002  3.045038756113352E-009  2.370180457740320E-003  -5715.32679812978     
   2.66800225156121        102.034951099689       -8.02054109681323       3.864591510989343E-002  3.603748954594388E-009  2.494255386191325E-003  -5715.35698647699     
   2.67776186751222        101.936751399120       -8.10050779157532       4.012034171046030E-002  4.277186352768401E-009  2.622300324779380E-003  -5708.74208391524     
   2.68778664327634        101.831787633275       -8.18202197500088       4.159198628235723E-002  5.089799080105716E-009  2.754085887810259E-003  -5708.77454925301     
   2.69807543419592        101.723533295960       -8.26265008128576       4.310920432181303E-002  6.071230238023686E-009  2.889765299859303E-003  -5701.15307833763     
   2.70862706546729        101.608141105627       -8.34468372449076       4.461053618156104E-002  7.257288212926559E-009  3.029180419535008E-003  -5701.18717608397     
   2.71944033227490        101.489393589513       -8.42515543013590       4.616509636142502E-002  8.691232815931424E-009  3.172403969207024E-003  -5692.52694661055     
   2.73051399992894        101.363194613357       -8.50689765030405       4.769120999185173E-002  1.042506850110973E-008  3.319361611396470E-003  -5692.56190862591     
   2.74184680400625        101.233576383977       -8.58636109148486       4.927640426521597E-002  1.252132553417449E-008  3.470034913612325E-003  -5682.84825065820     
   2.75343745049474        101.096264401814       -8.66696973375878       5.082150767491549E-002  1.505471934687732E-008  3.624443086909449E-003  -5682.88322642357     
   2.76528461594115        100.955466288119       -8.74455699299062       5.242949173607461E-002  1.811457576169082E-008  3.782468732650316E-003  -5672.12023083720     
   2.77738694760214        100.806811526339       -8.82317592062683       5.398696067788434E-002  2.180685996030299E-008  3.944231261674288E-003  -5672.15433929909     
   2.78974306359874        100.654596949327       -8.89802294080721       5.560892055652157E-002  2.625742754197696E-008  4.109509559880182E-003  -5660.36528935101     
   2.80235155307418        100.494446556733       -8.97380108201792       5.717139179257889E-002  3.161435121042606E-008  4.278526687080246E-003  -5660.39767684995     
   2.81521097635495        100.330652268499       -9.04506842139935       5.879774786765153E-002  3.805222422260148E-008  4.450956177887427E-003  -5647.62460585242     
   2.82831986511521        100.158926904059       -9.11717958386561       6.035724890166037E-002  4.577458964609931E-008  4.627125035265252E-003  -5647.65450445396     
   2.84167672254443        99.9834601668925       -9.18407285115404       6.197788807241768E-002  5.501959117513772E-008  4.806602821509681E-003  -5633.95688567970     
   2.85528002351830        99.8001469873436       -9.25173523730991       6.352599765275199E-002  6.606212691337073E-008  4.989817803384950E-003  -5633.98366593277     
   2.86912821477287        99.6129794332314       -9.31352408186268       6.513052261843527E-002  7.922125201176457E-008  5.176239740425927E-003  -5619.43631256719     
   2.88321971508195        99.4181220844063       -9.37601846832038       6.665855388609555E-002  9.486142666248292E-008  5.366392800269412E-003  -5619.45952528129     
   2.89755291543760        99.2192807823645       -9.43205314853171       6.823653771182178E-002  1.134022474321333E-007  5.559653578103790E-003  -5604.14984096231     
   2.91212617923386        99.0129672416627       -9.48873882398199       6.973573437807903E-002  1.353178313802519E-007  5.756634466248804E-003  -5604.16924390504     
   2.92693784245366        98.8025237259534       -9.53846361063063       7.127696881039108E-002  1.611497109143926E-007  5.956627612466138E-003  -5588.19401039551     
   2.94198621385881        98.5848729866554       -9.58879137516595       7.273870429167495E-002  1.915029917519757E-007  6.160324066873782E-003  -5588.20957761390     
   2.95726957518307        98.3629311368612       -9.63175432815948       7.423343151408235E-002  2.270636068990318E-007  6.366941894157034E-003  -5571.67149086906     
   2.97278618132840        98.1340797579245       -9.67527611033995       7.564940145732202E-002  2.685894117747154E-007  6.577239793058149E-003  -5571.68340431536     
   2.98853426056419        97.9007634613532       -9.71113505688728       7.708852089884252E-002  3.169334612011478E-007  6.790373310603923E-003  -5554.68757274461     
   3.00451201472956        97.6608529362245       -9.74750996752467       7.845092080355039E-002  3.730276762480794E-007  7.007156793501271E-003  -5554.69619773560     
   3.02071761943869        97.4162944089803       -9.77603477244536       7.982616492412994E-002  4.379143690264636E-007  7.226695597883836E-003  -5537.34679922240     
   3.03714922428915        97.1654601545843       -9.80503165468402       8.112784634016906E-002  5.127195611468596E-007  7.449847159831513E-003  -5537.35264674831     
   3.05380495307315        96.9097896671540       -9.82610308473011       8.243192170987219E-002  5.986955952457040E-007  7.675679317445407E-003  -5519.74990872527     
   3.07068290399178        96.6481522279860       -9.84759981601224       8.366652248013673E-002  6.971806483969509E-007  7.905079880521124E-003  -5519.75358861364     
   3.08778114987217        96.3814897990498       -9.86120544735535       8.489321469073226E-002  8.096558713009228E-007  8.137091810793855E-003  -5501.99121403876     
   3.10509773838756        96.1091486312745       -9.87518538842629       8.605526066918465E-002  9.376871829434998E-007  8.372620776070127E-003  -5501.99338343565     
   3.12263069228019        95.8315980465417       -9.88141308879543       8.719950349345122E-002  1.083000879519192E-006  8.610697142125888E-003  -5484.15650069023     
   3.14037800958706        95.5486280201122       -9.88795915631335       8.828448091813487E-002  1.247403497419699E-006  8.852232425086265E-003  -5484.15781228757     
   3.15833766386857        95.2602733258715       -9.88698869818240       8.934239157862997E-002  1.432880128748558E-006  9.096256036446036E-003  -5466.32148375523     
   3.17650760443986        94.9667238796864       -9.88627556685227       9.034679070874230E-002  1.641488089904721E-006  9.343674088573914E-003  -5466.32253776171     
   3.19488575660499        94.6676283128784       -9.87836890819137       9.131567412320349E-002  1.875482156451863E-006  9.593525818771141E-003  -5448.55082374820     
   3.21347002189380        94.3635250323511       -9.87065383654017       9.223700582071037E-002  2.137178071768730E-006  9.846701637881948E-003  -5448.55212688707     
   3.23225827830156        94.0537321933287       -9.85614455535909       9.311533130129482E-002  2.429108463207937E-006  1.010226035852508E-002  -5430.89767076351     
   3.25124838053124        93.7390804578937       -9.84175728903537       9.395211896622550E-002  2.753852963064987E-006  1.036106749026573E-002  -5430.89960469843     
   3.27043816023849        93.4186174153613       -9.82103959087380       9.473947314084002E-002  3.114227599496211E-006  1.062221002204957E-002  -5413.40368255611     
   3.28982542627920        93.0934076860808       -9.80037174089644       9.549122284455876E-002  3.513079558032610E-006  1.088652055482268E-002  -5413.40648319877     
   3.30940796495970        92.7622896274070       -9.77388938577466       9.618824262792114E-002  3.953511292206221E-006  1.115312163523534E-002  -5396.09944674300     
   3.32918354028955        92.4265039084969       -9.74738361665387       9.685539449593233E-002  4.438639777762136E-006  1.142280619060880E-002  -5396.10319496736     
   3.34914989423679        92.0847399101674       -9.71561904190585       9.746368384694937E-002  4.971854435040305E-006  1.169473845755394E-002  -5379.00522901968     
   3.36930474698587        91.7383589169280       -9.68375834344649       9.804754778820625E-002  5.556543131532566E-006  1.196966617799093E-002  -5379.00985246161     
   3.38964579719785        91.3859584043241       -9.64722219632095       9.856958181527473E-002  6.196380271265428E-006  1.224680016819957E-002  -5362.13196707402     
   3.41017072227325        91.0289689964385       -9.61051945782655       9.907226063638098E-002  6.895024750698490E-006  1.252683870370110E-002  -5362.13725197647     
   3.43087717861726        90.6659484830869       -9.56974069908522       9.951128039981799E-002  7.656431318091163E-006  1.280904286459934E-002  -5345.48243243908     
   3.45176280190725        90.2983509691396       -9.52872875778340       9.993558322383959E-002  8.484529100845673E-006  1.309405835960426E-002  -5345.48804394186     
   3.47282520736285        89.9247407064258       -9.48424545503741       0.100295484362762       9.383545685695042E-006  1.338119907319631E-002  -5329.05248857158     
   3.49406199001816        89.5465556858733       -9.43946775214492       0.100644833122925       1.035767858348519E-005  1.367105615484877E-002  -5329.05799745620     
   3.51547072499641        89.1624059085497       -9.39181864830575       0.100930051213654       1.141141758688364E-005  1.396299777213511E-002  -5312.83238180787     
   3.53704896778680        88.7736803851383       -9.34382059530184       0.101208382827716       1.254922545144205E-005  1.425755954081701E-002  -5312.83729549429     
   3.55879425452366        88.3790669000680       -9.29353751151294       0.101423778162547       1.377584014305757E-005  1.455416442527394E-002  -5296.80801154525     
   3.58070410226776        87.9798794707256       -9.24285864429470       0.101635444819771       1.509598489123991E-005  1.485329244811950E-002  -5296.81180709209     
   3.60277600928982        87.5749084012614       -9.19045975608013       0.101786189071232       1.651462815756239E-005  1.515442102679904E-002  -5280.96213622415     
   3.62500745535616        87.1653733926928       -9.13762673394860       0.101935858879476       1.803674683977208E-005  1.545797533476378E-002  -5280.96429318923     
   3.64739590201649        86.7501849549088       -9.08361074222370       0.102027325877387       1.966751839707598E-005  1.576348615562479E-002  -5265.27548182846     
   3.66993879289372        86.3304554433513       -9.02913123047428       0.102119885918396       2.141216413044570E-005  1.607132524456973E-002  -5265.27551307868     
   3.69263355397589        85.9052266898802       -8.97397243403511       0.102157548506168       2.327604510638892E-005  1.638107503871485E-002  -5249.72772922446     
   3.71547759391007        85.4754963954665       -8.91832989204133       0.102198012128177       2.526461490026738E-005  1.669305587488554E-002  -5249.72520811231     
   3.73846830429822        85.0404429156614       -8.86247415416443       0.102187346776890       2.738338896155077E-005  1.700689962245464E-002  -5234.29836540584     
   3.76160305999508        84.6009470101144       -8.80612353445903       0.102180766711825       2.963803780097965E-005  1.732287765267485E-002  -5234.29294812192     
   3.78487921940785        84.1563236201268       -8.74998512275400       0.102127167255002       3.203419839697933E-005  1.764066865123415E-002  -5218.96739140197     
   3.80829412479787        83.7073385242875       -8.69334947039269       0.102078555883406       3.457773939154460E-005  1.796049781808884E-002  -5218.95883373448     
   3.83184510258405        83.2534390165839       -8.63730873592458       0.101987257397471       3.727438316390050E-005  1.828208775245888E-002  -5203.71588612786     
   3.85552946364818        82.7952812923754       -8.58077666143771       0.101901515200734       4.013017408090451E-005  1.860562051470051E-002  -5203.70405427886     
   3.87934450364196        82.3324373409824       -8.52517851056221       0.101777528704519       4.315088102171316E-005  1.893085952728420E-002  -5188.52643076921     
   3.90328750329579        81.8654618011542       -8.46910249442702       0.101659381648439       4.634269806840721E-005  1.925794688565627E-002  -5188.51130626669     
   3.92735572872926        81.3940411368082       -8.41425559515540       0.101507439942352       4.971139955943941E-005  1.958668364646317E-002  -5173.38340242453     
   3.95154643176333        80.9186383059309       -8.35895106750350       0.101361386236924       5.326329982431525E-005  1.991717517508611E-002  -5173.36508150514     
   3.97585685023414        80.4390422850109       -8.30512772202891       0.101185900862079       5.700413622311273E-005  2.024925695079802E-002  -5158.27314873034     
   4.00028420830833        79.9556353477490       -8.25087284884753       0.101016167250833       6.094031069942950E-005  2.058300083420738E-002  -5158.25183683630     
   4.02482571680009        79.4682960414012       -8.19830945560324       0.100821196234259       6.507748062594051E-005  2.091827355578604E-002  -5143.18405717169     
   4.04947857348954        78.9773374103292       -8.14534555255717       0.100631703692870       6.942210019523801E-005  2.125511663164722E-002  -5143.16005939723     
   4.07423996344279        78.4827143367679       -8.09424357524108       0.100420929469377       7.397970409124244E-005  2.159342496014963E-002  -5128.10653384570     
   4.09910705933327        77.9846819632747       -8.04277606287306       0.100215267947814       7.875676122039503E-005  2.193321276760246E-002  -5128.08024228266     
   4.12407702176463        77.4832585781632       -7.99330342051755       9.999198462155992E-002  8.375864208654805E-005  2.227440015802786E-002  -5113.03290673226     
   4.14914699959491        76.9786521176791       -7.94350323023983       9.977339625449938E-002  8.899179127585555E-005  2.261697699153904E-002  -5113.00478570517     
   4.17431413026211        76.4709321660775       -7.89579602171918       9.954050519059252E-002  9.446137572820277E-005  2.296088575468523E-002  -5097.95726817156     
   4.19957554011104        75.9602690942443       -7.84780136074990       9.931187523364883E-002  1.001737759344149E-004  2.330609472321584E-002  -5097.92783832879     
   4.22492834472144        75.4467729140760       -7.80196583901269       9.907188785450818E-002  1.061339188614917E-004  2.365256608565838E-002  -5082.87527038915     
   4.25036964923734        74.9305846747310       -7.75588422410360       9.883574248090841E-002  1.123480812098592E-004  2.400024917688990E-002  -5082.84509254030     
   4.27589654869758        74.4118455271588       -7.71199893964952       9.859078908315408E-002  1.188209173575299E-004  2.434912333931642E-002  -5067.78388667657     
   4.30150612836755        73.8906737770799       -7.66790941378895       9.834929909843436E-002  1.255585614587917E-004  2.469912148862799E-002  -5067.75354615137     
   4.32719546407195        73.3672342645017       -7.62602745310908       9.810114249927115E-002  1.325653672333782E-004  2.505023768285174E-002  -5052.68114934892     
   4.35296162252873        72.8416272645421       -7.58398290592526       9.785613199671830E-002  1.398472893481867E-004  2.540239084671235E-002  -5052.65124151281     
   4.37880166168398        72.3140358828098       -7.54413415833493       9.760618485793300E-002  1.474083580245287E-004  2.575558739175603E-002  -5037.56587396567     
   4.40471263104789        71.7845450708895       -7.50416367914305       9.735914384143636E-002  1.552543141865837E-004  2.610973462518680E-002  -5037.53699137516     
   4.43069157203163        71.2533529293341       -7.46635707416118       9.710848859562077E-002  1.633888475555028E-004  2.646484898286667E-002  -5022.43737760696     
   4.45673551828519        70.7205296981109       -7.42846827592868       9.686058863293368E-002  1.718174545959810E-004  2.682082852064784E-002  -5022.41009913469     
   4.48284149603604        70.1862874293269       -7.39269394260218       9.660999904127496E-002  1.805434739066104E-004  2.717769735110167E-002  -5007.29519731693     
   4.50900652442874        69.6506801204288       -7.35687520499718       9.636211107253852E-002  1.895721311386214E-004  2.753534669244579E-002  -5007.27007943076     
   4.53522761586529        69.1139349916837       -7.32310651387913       9.611207456739240E-002  1.989064100081704E-004  2.789380591003681E-002  -4992.13881321472     
   4.56150177634621        68.5760861091827       -7.28932910351583       9.586478807456536E-002  2.085512441543305E-004  2.825296190652427E-002  -4992.11638346294     
   4.58782600581249        68.0373793387866       -7.25752456100087       9.561552817401467E-002  2.185092659548190E-004  2.861284673652470E-002  -4976.96737927238     
   4.61419729848806        67.4978229770681       -7.22574459658582       9.536917100925857E-002  2.287851017575747E-004  2.897334568319697E-002  -4976.94813191143     
   4.64061264322306        66.9576872519912       -7.19584956969726       9.512066922854033E-002  2.393810438702713E-004  2.933449071960881E-002  -4961.77946339495     
   4.66706902383765        66.4169467271821       -7.16600980870387       9.487532749818826E-002  2.503014027380120E-004  2.969616844923525E-002  -4961.76385699813     
   4.69356341946636        65.8759039124983       -7.13795806603864       9.462734431744792E-002  2.615481500167746E-004  3.005840771405159E-002  -4946.57279722862     
   4.72009280490310        65.3344895819967       -7.10998949760911       9.438288181852561E-002  2.731252790545587E-004  3.042109969471574E-002  -4946.56125403232     
   4.74665415094650        64.7930486082001       -7.08370455891679       9.413497639544061E-002  2.850344688854427E-004  3.078426669886673E-002  -4931.34403507742     
   4.77324442474586        64.2514558594363       -7.05752779485682       9.389105320009121E-002  2.972794027645719E-004  3.114780813514689E-002  -4931.33694175374     
   4.79986059014743        63.7101107701775       -7.03292408771455       9.364260163660179E-002  3.098615042790993E-004  3.151173594131237E-002  -4916.08852043543     
   4.82649960804108        63.1688181574037       -7.00845054978105       9.339869151596146E-002  3.227841626442140E-004  3.187596187943799E-002  -4916.08622992250     
   4.85315843670730        62.6280462976221       -6.98543437719312       9.314890360156819E-002  3.360485929684126E-004  3.224048316685024E-002  -4900.80005794696     
   4.87983403216454        62.0875138042465       -6.96256728457776       9.290431007422174E-002  3.496579164960682E-004  3.260522860427154E-002  -4900.80289191823     
   4.90652334851679        61.5477741270214       -6.94103761234378       9.265224453541995E-002  3.636131974295132E-004  3.297017573557109E-002  -4885.47068810386     
   4.93322333830130        61.0084415308256       -6.91967277863418       9.240611541955840E-002  3.779173262716632E-004  3.333527573535074E-002  -4885.47893961182     
   4.95993095283666        60.4701730006419       -6.89952185634376       9.215069380925905E-002  3.925712855233542E-004  3.370048082549923E-002  -4870.09046169796     
   4.98664314257078        59.9324583203664       -6.87954831070202       9.190203425513871E-002  4.075777847241540E-004  3.406577063577251E-002  -4870.10439748487     
   5.04006904716334        58.8603763957999       -6.84196259894313       9.138973780691081E-002  4.386539444004209E-004  3.479638080136162E-002  -4854.66707292637     
   5.06677666169870        58.3262795445910       -6.82422130846488       9.112388308868478E-002  4.547272775726360E-004  3.516159751974120E-002  -4839.12631485718     
   5.09347665148321        57.7929603118374       -6.80667249221157       9.086666418308890E-002  4.711603623961025E-004  3.552677406212263E-002  -4839.15231987966     
   5.12016596783546        57.2615166135044       -6.78995056773922       9.059351930494419E-002  4.879544893950587E-004  3.589174431615401E-002  -4823.51045553937     
   5.14684156329270        56.7309241319895       -6.77342348209469       9.033003954014120E-002  5.051122773707187E-004  3.625661878796819E-002  -4823.54279360343     
   5.17350039195892        56.2024778689513       -6.75759000709624       9.004809979836152E-002  5.226353595575279E-004  3.662117442790919E-002  -4807.77936603436     
   5.20013940985257        55.6749286908650       -6.74195012498218       8.977689915888690E-002  5.405265386606543E-004  3.698558409550491E-002  -4807.81819531758     
   5.22675557525414        55.1497970036158       -6.72686900046212       8.948458414010105E-002  5.587879446328328E-004  3.734955709350592E-002  -4791.90956810573     
   5.25334584905350        54.6255789712908       -6.71197648721226       8.920410986062315E-002  5.774227105333962E-004  3.771334005090024E-002  -4791.95500700283     
   5.27990719509690        54.1040505733847       -6.69750673125858       8.889977837427288E-002  5.964336417394014E-004  3.807656257689285E-002  -4775.87410332598     
   5.30643658053364        53.5834216659303       -6.68321675406188       8.860839554559252E-002  6.158243769893133E-004  3.843955786176702E-002  -4775.92621868354     
   5.33293097616235        53.0657556706625       -6.66921295656346       8.829036349549446E-002  6.355986033718996E-004  3.880186235815011E-002  -4759.64226197724     
   5.35938735677694        52.5489430454795       -6.65537617409959       8.798636799487539E-002  6.557606729223853E-004  3.916391004873060E-002  -4759.70105320510     
   5.38580270151194        52.0353679817033       -6.64168920297638       8.765293033659008E-002  6.763153906128507E-004  3.952512930270066E-002  -4743.17931795111     
   5.41217399418751        51.5225673203969       -6.62815254219046       8.733456540559958E-002  6.972680642940775E-004  3.988607058514317E-002  -4743.24469684869     
   5.43849822365379        51.0132804512269       -6.61463061185765       8.698402341428467E-002  7.186248838249285E-004  4.024603779748154E-002  -4726.44628165468     
   5.46477238413471        50.5046557588031       -6.60123845380522       8.664950137580649E-002  7.403923911413714E-004  4.060571499166351E-002  -4726.51804809077     
   5.49099347557126        49.9998228577377       -6.58772867784498       8.628019644953419E-002  7.625784573234934E-004  4.096426384096524E-002  -4709.39968734144     
   5.51715850396396        49.4955069052637       -6.57432458518582       8.592772714507027E-002  7.851911702065087E-004  4.132252037158988E-002  -4709.47750132525     
   5.54326448171481        48.9952626862173       -6.56067514023387       8.553808225190944E-002  8.082404023916940E-004  4.167948507338280E-002  -4691.99143606845     
   5.56930842796837        48.4953583257200       -6.54710426162852       8.516590974044942E-002  8.317361260889063E-004  4.203616537345260E-002  -4692.07478725069     
   5.59528736895211        47.9998077613241       -6.53316728448982       8.475447933852381E-002  8.556905487842178E-004  4.239138073446150E-002  -4674.16872036706     
   5.62119833831602        47.5043903709860       -6.51927956154450       8.436092817390542E-002  8.801158788080636E-004  4.274633006990879E-002  -4674.25689659792     
   5.64703837747127        47.0136111600234       -6.50491488230275       8.392645694941019E-002  9.050269867597391E-004  4.309963153887082E-002  -4655.87406131386     
   5.67280453592805        46.5227324892961       -6.49056915826220       8.350998888969771E-002  9.304386603940059E-004  4.345269574676432E-002  -4655.96611853098     
   5.69849387163245        46.0367789403773       -6.47564893453438       8.305147893510140E-002  9.563687294576127E-004  4.380391946460790E-002  -4637.04549249184     
   5.72410345130242        45.5504726089788       -6.46071801655035       8.261076019423561E-002  9.828348645103749E-004  4.415494460302173E-002  -4637.14022886101     
   5.74963035076266        45.0693811839366       -6.44513227488769       8.212754527747285E-002  1.009858081400687E-003  4.450392745670416E-002  -4617.61692771503     
   5.77507165527856        44.5876700364880       -6.42950893072445       8.166152339032326E-002  1.037459155077877E-003  4.485275937191822E-002  -4617.71286552145     
   5.80042445988896        44.1114667346234       -6.41317193922037       8.115334776931565E-002  1.065662398757005E-003  4.519933905751550E-002  -4597.51874964632     
   5.82568586973789        43.6343721565621       -6.39677571452984       8.066133583126429E-002  1.094491779995630E-003  4.554582288328436E-002  -4597.61412883584     
   5.85085300040509        43.1630818136675       -6.37963300763321       8.012843371577266E-002  1.123974850262687E-003  4.588983798475302E-002  -4576.67865383675     
   5.87592297823537        42.6906349707113       -6.36241763475719       7.961019825191948E-002  1.154138665775368E-003  4.623381759822199E-002  -4576.77144121937     
   5.90089294066673        42.2242923933269       -6.34445339248198       7.905336862614100E-002  1.185013727540707E-003  4.657510768835824E-002  -4555.02277657590     
   5.92576003655721        41.7565471688051       -6.32641443353860       7.850921577314209E-002  1.216629822798017E-003  4.691642515690816E-002  -4555.11069441641     
   5.95052142651046        41.2952098294911       -6.30765879208901       7.792988603356546E-002  1.249019825586032E-003  4.725483092628605E-002  -4532.47712474914     
   5.97517428319991        40.8322570112955       -6.28884102941037       7.736073925829909E-002  1.282215585157432E-003  4.759332598812740E-002  -4532.55770168862     
   5.99971579169167        40.3760188073031       -6.26937678170935       7.676101019057624E-002  1.316251434549494E-003  4.792868940625070E-002  -4508.96931140068     
   6.02414314976586        39.9180008366383       -6.24988075242802       7.616847163643241E-002  1.351160259053460E-003  4.826419903396831E-002  -4509.03995732672     
   6.04845356823667        39.4670061818690       -6.22984880070778       7.555113585993628E-002  1.386976566554666E-003  4.859636354473463E-002  -4484.43058203949     
   6.07264427127074        39.0141315436605       -6.20983578630926       7.493752282356048E-002  1.423732871136369E-003  4.892872164433330E-002  -4484.48868666352     
   6.09671249670421        38.5685888475757       -6.18943865128102       7.430604915879870E-002  1.461462194882465E-003  4.925753239548985E-002  -4458.79809450842     
   6.12065549635804        38.1211449860437       -6.16913339422871       7.367439735719072E-002  1.500194898223607E-003  4.958656969305693E-002  -4458.84114709943     
   6.14447053635181        37.6813384018046       -6.14863608196454       7.303287475609666E-002  1.539960508372022E-003  4.991187379691849E-002  -4432.01739060059     
   6.16815489741595        37.2397019145706       -6.12832652522599       7.238690109438807E-002  1.580785118600907E-003  5.023741796022240E-002  -4432.04311573158     
   6.19170587520213        36.8060001409798       -6.10805411663633       7.173993787767032E-002  1.622692472406321E-003  5.055906478063534E-002  -4404.04497221812     
   6.21512078059215        36.3706429696609       -6.08808755969596       7.108395744980854E-002  1.665702038433417E-003  5.088094081332500E-002  -4404.05147374443     
   6.23839694000492        35.9435038934562       -6.06841902702454       7.043653458808347E-002  1.709829319686462E-003  5.119878227158093E-002  -4374.85087087316     
   6.26153169570178        35.5149943117201       -6.04919427028837       6.977532962158907E-002  1.755084689568241E-003  5.151681320282945E-002  -4374.83677398501     
   6.28452240608994        35.0949643988453       -6.03055224338510       6.913261054618500E-002  1.801472938884535E-003  5.183070409262455E-002  -4344.42107925391     
   6.30736644602411        34.6739618163428       -6.01250755171245       6.847125282205624E-002  1.848992932134296E-003  5.214471196503605E-002  -4344.38565867389     
   6.33006120710628        34.2616694150465       -5.99534404978340       6.783835651627704E-002  1.897636447870042E-003  5.245451026326509E-002  -4312.75970014430     
   6.35260409798351        33.8489123728760       -5.97894109678721       6.718198922188254E-002  1.947388683996444E-003  5.276431739718710E-002  -4312.70298173386     
   6.37499254464384        33.4450544786386       -5.96371959546597       6.656373777231692E-002  1.998226485131780E-003  5.306988455321772E-002  -4279.89066387675     
   6.39722399071018        33.0413417004309       -5.94942393424610       6.591732741823081E-002  2.050119692538614E-003  5.337531503768279E-002  -4279.81348739710     
   6.41929589773224        32.6466642387843       -5.93659852846091       6.531798333793554E-002  2.103028881572933E-003  5.367651621915454E-002  -4245.85887301161     
   6.44120574547634        32.2528291949722       -5.92485754012584       6.468605679776919E-002  2.156907517482501E-003  5.397739755107129E-002  -4245.76290578416     
   6.46295103221320        31.8681014709943       -5.91485035287984       6.410906871811488E-002  2.211699343718570E-003  5.427410182024697E-002  -4210.73065357603     
   6.48452927500360        31.4849815656642       -5.90607000709963       6.349545403557115E-002  2.267341270864923E-003  5.457026658785306E-002  -4210.61834836450     
   6.50593800998184        31.1109661554925       -5.89924833352443       6.294323121049178E-002  2.323760560767780E-003  5.486234698072991E-002  -4174.59342621307     
   6.52717479263715        30.7393682877488       -5.89377040048163       6.235082291525502E-002  2.380878344133028E-003  5.515363446914653E-002  -4174.46792162293     
   6.54823719809275        30.3767882356863       -5.89042530859147       6.182455884850453E-002  2.438606736104011E-003  5.544096795171478E-002  -4137.55455660061     
   6.56912282138274        30.0174530363519       -5.88850683047771       6.125512854868247E-002  2.496852850561951E-003  5.572722554209495E-002  -4137.41952419702     
   6.58982927772675        29.6669586860565       -5.88883500987941       6.075469157165581E-002  2.555515961824739E-003  5.600969282567655E-002  -4099.73939926152     
   6.61035420280215        29.3205260953866       -5.89063182154672       6.020876216403811E-002  2.614491862449560E-003  5.629077706818580E-002  -4099.59884771134     
   6.63069525301413        28.9826641403720       -5.89472233822364       5.973266589598406E-002  2.673670156655453E-003  5.656826227898912E-002  -4061.28860741518     
   6.65085010576321        28.6496430933162       -5.90027819096291       5.920946282068512E-002  2.732938795392915E-003  5.684403954472186E-002  -4061.14665935126     
   6.67081645971045        28.3248304134542       -5.90810545700778       5.875492247849348E-002  2.792181554485045E-003  5.711642976037268E-002  -4022.35483758040     
   6.69059203504030        28.0055751857628       -5.91734785033382       5.825240844482944E-002  2.851282577447400E-003  5.738677641637457E-002  -4022.21549864209     
   6.71017457372080        27.6940797117609       -5.92877157615931       5.781548071029147E-002  2.910124060009275E-003  5.765396110146907E-002  -3983.09902460692     
   6.72956183976151        27.3887749495214       -5.94151478328073       5.733047207920584E-002  2.968590638474763E-003  5.791876320136621E-002  -3982.96596549282     
   6.74875161946876        27.0907051851249       -5.95628700921638       5.690626779007618E-002  3.026567276392148E-003  5.818063359126886E-002  -3943.68643477328     
   6.76774172169844        26.7993608439601       -5.97224207246510       5.643462247708781E-002  3.083943353973182E-003  5.843978612445211E-002  -3943.56280579032     
   6.78652997810620        26.5146648471871       -5.99002066991851       5.601757404294266E-002  3.140610735013036E-003  5.869623461777673E-002  -3904.28271742178     
   6.80511424339501        26.2371213080018       -6.00881144588319       5.555443366617101E-002  3.196467439694755E-003  5.894964040471902E-002  -3904.17101105834     
   6.82349239556014        25.9655950019292       -6.02917884125972       5.513859395889931E-002  3.251415861436601E-003  5.920056002735954E-002  -3865.05016778609     
   6.84166233613143        25.7015376436025       -6.05036259708029       5.467865808935765E-002  3.305365938862613E-003  5.944812838053790E-002  -3864.95213889523     
   6.85962199041294        25.4428414289520       -6.07284800054129       5.425800538895604E-002  3.358233492316178E-003  5.969341237675922E-002  -3826.14438659913     
   6.87736930771981        25.1918230667731       -6.09593868771293       5.379581384419325E-002  3.409942847622130E-003  5.993505766138589E-002  -3826.06103283459     
   6.89490226161244        24.9455049710081       -6.12004186913988       5.336453845834704E-002  3.460425268431606E-003  6.017459925155429E-002  -3787.71147979152     
   6.91221885012783        24.7069739320560       -6.14453407574739       5.289473874486120E-002  3.509621021040853E-003  6.041023947688075E-002  -3787.64307812830     
   6.92931709600822        24.4724970484554       -6.16974874372029       5.244749081343410E-002  3.557477888666964E-003  6.064393179997710E-002  -3749.88589000824     
   6.94619504692685        24.2458283246850       -6.19514045019319       5.196507164513444E-002  3.603952699634717E-003  6.087348735265054E-002  -3749.83207954189     
   6.96285077571085        24.0226001155984       -6.22097553235079       5.149715556542077E-002  3.649009920235062E-003  6.110122358886934E-002  -3712.78889745079     
   6.97928238056131        23.8071270282091       -6.24678812643144       5.099763302476288E-002  3.692622695357107E-003  6.132461618955907E-002  -3712.74879494330     
   6.99548798527044        23.5945281808388       -6.27278566046698       5.050514080723626E-002  3.734771525406871E-003  6.154628983813051E-002  -3676.52777697065     
   7.01146573943581        23.3895722675099       -6.29858013113195       4.998469012800342E-002  3.775444887296614E-003  6.176344176744814E-002  -3676.50011011420     
   7.02721381867160        23.1869831435082       -6.32432897388487       4.946457272016314E-002  3.814638006548232E-003  6.197894704041877E-002  -3641.19555634189     
   7.04273042481693        22.9918804654709       -6.34971771701403       4.892010484374398E-002  3.852353136959431E-003  6.218978064588786E-002  -3641.17880033268     
   7.05801378614119        22.7987036938905       -6.37486278217774       4.837018614882820E-002  3.888598441002529E-003  6.239901293151002E-002  -3606.87129027340     
   7.07306215754634        22.6128263557470       -6.39951693494970       4.779937334456153E-002  3.923388009021907E-003  6.260345039854839E-002  -3606.86379557236     
   7.08787382076614        22.4285046902726       -6.42376410975434       4.721831575488775E-002  3.956740859707052E-003  6.280630674807232E-002  -3573.62074700376     
   7.10244708456240        22.2512769769102       -6.44741672801333       4.661957422752069E-002  3.988680775684397E-003  6.300427009732049E-002  -3573.62084946288     
   7.11678028491805        22.0753060899567       -6.47053395181862       4.600680680220849E-002  4.019235432076981E-003  6.320064969499338E-002  -3541.49739850136     
   7.13087178522713        21.9062151745765       -6.49297962307869       4.537924620084474E-002  4.048436116630263E-003  6.339206095661956E-002  -3541.50350667392     
   7.14471997648170        21.7381515311589       -6.51479481860508       4.473486727494008E-002  4.076316989277935E-003  6.358186554245791E-002  -3510.54360933838     
   7.15832327745557        21.5767531456038       -6.53588645660395       4.407821750977020E-002  4.102914743387569E-003  6.376664705450766E-002  -3510.55426719143     
   7.17168013488479        21.4162174533740       -6.55628309305010       4.340288287270590E-002  4.128267993893135E-003  6.394978128070412E-002  -3480.79193051409     
   7.18478902364505        21.2621372137495       -6.57592670160662       4.271740796113598E-002  4.152416923598167E-003  6.412785606136076E-002  -3480.80585652506     
   7.19764844692582        21.1088141714892       -6.59483775957367       4.201221422832938E-002  4.175402792641641E-003  6.430422777411886E-002  -3452.26642003451     
   7.21025693640126        20.9617454194347       -6.61298590991235       4.129862142823530E-002  4.197267601445918E-003  6.447551992471083E-002  -3452.28252558945     
   7.22261305239786        20.8153805930925       -6.63038694005976       4.056499228391878E-002  4.218053710576536E-003  6.464504037256195E-002  -3424.98392936461     
   7.23471538405885        20.6750796635262       -6.64703160699151       3.982434291426556E-002  4.237803540842622E-003  6.480947547719279E-002  -3425.00132047045     
   7.24656254950526        20.5354743272618       -6.66293345743597       3.906392388239838E-002  4.256559290211570E-003  6.497205945375369E-002  -3398.95531194746     
   7.25815319599375        20.4017541134990       -6.67809873406563       3.829755029782898E-002  4.274362682322801E-003  6.512956495071592E-002  -3398.97327863786     
   7.26948600007106        20.2687588292365       -6.69254039100681       3.751211584463620E-002  4.291254765999893E-003  6.528513088404130E-002  -3374.18652544407     
   7.28055966772510        20.1414814150409       -6.70627547130894       3.672154724475678E-002  4.307275716237875E-003  6.543563639204490E-002  -3374.20452307873     
   7.29137293453271        20.0149890140063       -6.71931733152799       3.591292246396992E-002  4.322464701832378E-003  6.558410639340226E-002  -3350.67961239464     
   7.30192456580408        19.8940580062138       -6.73169003011693       3.509982070963663E-002  4.336859737700599E-003  6.572754397928077E-002  -3350.69723851830     
   7.31221335672366        19.7739965029642       -6.74340781375836       3.426981863074258E-002  4.350497606955999E-003  6.586884385731966E-002  -3328.43355432764     
   7.32223813248778        19.6593495499941       -6.75449879036960       3.343592406182015E-002  4.363413760011347E-003  6.600514822275706E-002  -3328.45052403876     
   7.33199774843879        19.5456753818837       -6.76497821239306       3.258629873120238E-002  4.375642278792932E-003  6.613920743944737E-002  -3307.44500198893     
   7.34149109019574        19.4372772192738       -6.77487598735922       3.173338513152985E-002  4.387215816151187E-003  6.626831595484332E-002  -3307.46112400254     
   7.35071707378162        19.3299690753302       -6.78420823635130       3.086579997814097E-002  4.398165591584179E-003  6.639506739957521E-002  -3287.70888959272     
   7.35967464574715        19.2278053104711       -6.79300502147159       2.999563729642247E-002  4.408521363718125E-003  6.651691974532102E-002  -3287.72404445732     
   7.36836278329107        19.1268587016767       -6.80128304266514       2.911164778109657E-002  4.418311448695453E-003  6.663629890993407E-002  -3269.21894418128     
   7.37678049437690        19.0309304424983       -6.80907136629511       2.822597100856348E-002  4.427562718558296E-003  6.675083561644196E-002  -3269.23306547910     
   7.38492681784624        18.9363530748710       -6.81638690817112       2.732701993344931E-002  4.436300635191947E-003  6.686277801218532E-002  -3251.96810272550     
   7.39280082352850        18.8466724239417       -6.82325698064536       2.642750279147763E-002  4.444549268040973E-003  6.696993609407353E-002  -3251.98116157702     
   7.40040161234712        18.7584803679372       -6.82969833806652       2.551492556375398E-002  4.452331338051562E-003  6.707437019407005E-002  -3235.94884989469     
   7.40772831642222        18.6750667442139       -6.83573608082048       2.460315862999071E-002  4.459668248989682E-003  6.717407201285910E-002  -3235.96084270972     
   7.41478009916971        18.5932813480231       -6.84138644991573       2.367819400111740E-002  4.466580137086689E-003  6.727090247870066E-002  -3221.15348883867     
   7.42155615539681        18.5161585614935       -6.84667209723820       2.275566876463566E-002  4.473085911078298E-003  6.736303120614695E-002  -3221.16442800615     
   7.42805571139396        18.4408040295133       -6.85160844733923       2.181946870092747E-002  4.479203304167008E-003  6.745210470503991E-002  -3207.57435620978     
   7.43427802502322        18.3699980159871       -6.85621562338066       2.088757114002929E-002  4.484948918621968E-003  6.753645851508497E-002  -3207.58426328630     
   7.44022238580296        18.3010995634597       -6.86050798966956       1.994120384567884E-002  4.490338277266193E-003  6.761750589399972E-002  -3195.20399134799     
   7.44588811498901        18.2366366831439       -6.86450316586041       1.900122110027105E-002  4.495385869076342E-003  6.769372903203939E-002  -3195.21289227197     
   7.45127456565216        18.1742191786502       -6.86821427366068       1.804566776325563E-002  4.500105197841355E-003  6.776629056385162E-002  -3184.03526834969     
   7.45638112275202        18.1161249868094       -6.87165652296462       1.709880533274818E-002  4.504508825815466E-003  6.783380147169979E-002  -3184.04319024400     
   7.46120720320724        18.0602119999034       -6.87484166952026       1.613496648494559E-002  4.508608417702359E-003  6.789717437848188E-002  -3174.06149879072     
   7.46575225596212        18.0085104047488       -6.87778265102825       1.518235848511022E-002  4.512414780206741E-003  6.795515334232644E-002  -3174.06846791755     
   7.47001576204947        17.9591235806716       -6.88048978839659       1.421110240428994E-002  4.515937900223422E-003  6.800844796824033E-002  -3165.27651234992     
   7.47399723464996        17.9138363029732       -6.88297391251830       1.325378127197857E-002  4.519186979131845E-003  6.805598873119215E-002  -3165.28255396658     
   7.47769621914760        17.8709949993379       -6.88524388930638       1.227605392942957E-002  4.522170464954920E-003  6.809839824719084E-002  -3157.67471635179     
   7.48111229318175        17.8321413174647       -6.88730862253451       1.131485921804699E-002  4.524896081262643E-003  6.813490059455986E-002  -3157.67984294093     
   7.48424506669526        17.7958622942664       -6.88917554144977       1.033184491192806E-002  4.527370853850898E-003  6.816619228750216E-002  -3151.25121971724     
   7.48709418197906        17.7634583726738       -6.89085181784675       9.367281395113062E-003  4.529601134854062E-003  6.819189617606032E-002  -3151.25552778687     
   7.48965931371301        17.7337568658656       -6.89234349991773       8.379746278628546E-003  4.531592624888739E-003  6.821289087793421E-002  -3146.00105343287     
   7.49194016900298        17.7078196755802       -6.89365613285697       7.412658569581483E-003  4.533350393198343E-003  6.822919723876798E-002  -3146.00406945732     
   7.49393648741439        17.6847001953673       -6.89479443131726       6.427655662378674E-003  4.534878896070435E-003  6.824183596296744E-002  -3141.92727521111     
   7.49564804100188        17.6652215827588       -6.89576283340201       5.452539619051741E-003  4.536181993539198E-003  6.825107266444483E-002  -3141.93149118139     
   7.49707463433533        17.6487392098918       -6.89656476993485       4.430014720192605E-003  4.537262964463142E-003  6.825783596316928E-002  -3138.97042704737     
   7.49821610452223        17.6358296472709       -6.89720221250541       3.488427641636324E-003  4.538124519828400E-003  6.826242384615354E-002  -3138.96605362001     
   7.49907232122624        17.6257393797003       -6.89767783240570       2.648901222375677E-003  4.538768814030874E-003  6.826567365094366E-002  -3137.60624458095     
   7.49964318668209        17.6189644743116       -6.89799556359867       1.521784720593756E-003  4.539197454267746E-003  6.826768297516619E-002  -3137.62030349502     
   7.49992863570670        17.6164077349646       -6.89815465002787       6.185864112298084E-004  4.539411508114159E-003  6.826822758818168E-002  -3132.60860506078     
   7.50071355737662        17.6103274602108       -6.89858085396242       2.671823596601623E-003  4.540001410203606E-003  6.826925240196095E-002  -3136.14357869069     
   7.50185496239535        17.5963952618767       -6.89919832040808       4.963880608502868E-003  4.540857285620052E-003  6.827301352470115E-002  -3136.09560356375     
   7.50356641826779        17.5767545373993       -6.90012684131504       6.977417701662408E-003  4.542135180263982E-003  6.827748112726460E-002  -3132.18533376798     
   7.50584714334046        17.5502647284271       -6.90135032724441       8.891489142889989E-003  4.543828064107004E-003  6.828288393454060E-002  -3132.22180913024     
   7.50869609596419        17.5182131018138       -6.90285796950650       1.081464562018721E-002  4.545926680299271E-003  6.828811980251009E-002  -3126.45419145846     
   7.51211197496977        17.4783024653838       -6.90464025399563       1.280745292777198E-002  4.548419643704377E-003  6.829424574406595E-002  -3126.46771468625     
   7.51609322026227        17.4334212184573       -6.90668204907216       1.474975823379535E-002  4.551293562362683E-003  6.829935992805274E-002  -3118.36170692749     
   7.52063801353356        17.3803772942581       -6.90896697138555       1.670629088449740E-002  4.554533179107521E-003  6.830533258277680E-002  -3118.38607479811     
   7.52574427909274        17.3228114300296       -6.91147624721743       1.863847476837584E-002  4.558121532470324E-003  6.830977554195776E-002  -3108.02771174986     
   7.53140968481419        17.2567191285530       -6.91419126566896       2.058217529977783E-002  4.562040134315572E-003  6.831529900116523E-002  -3108.05506960446     
   7.53763164320264        17.1865627928127       -6.91708998624653       2.250232435824875E-002  4.566269163146263E-003  6.831893501333225E-002  -3095.48405078602     
   7.54440731257496        17.1075713660255       -6.92015257956882       2.442890649250819E-002  4.570787667789465E-003  6.832394148247357E-002  -3095.51380556789     
   7.55173359835801        17.0249506574927       -6.92335489286548       2.633080454461151E-002  4.575573783473695E-003  6.832681306671917E-002  -3080.78315756217     
   7.55960715450199        16.9332382797759       -6.92667757045764       2.823989967250067E-002  4.580604949554801E-003  6.833133305971048E-002  -3080.81373990866     
   7.56802438500862        16.8383067793053       -6.93009562907361       3.011875186901870E-002  4.585858137609170E-003  6.833354843793131E-002  -3063.98531210571     
   7.57698144557352        16.7340861375788       -6.93359206414002       3.200822213237120E-002  4.591310069331204E-003  6.833763902952052E-002  -3064.01504066722     
   7.58647424534197        16.6270283417957       -6.93714253876030       3.386010203349232E-002  4.596937445406595E-003  6.833931729654286E-002  -3045.15937606836     
   7.59649844877726        16.5105496290984       -6.94073435937765       3.572668002486636E-002  4.602717148906589E-003  6.834303487042091E-002  -3045.18643594174     
   7.60704947764086        16.3915849409736       -6.94434545164945       3.754852564358203E-002  4.608626464387145E-003  6.834428417387556E-002  -3024.38250129026     
   7.61812251308332        16.2631398421202       -6.94796929488064       3.938795451081849E-002  4.614643252999508E-003  6.834767644684672E-002  -3024.40494541712     
   7.62971249784518        16.1325273557778       -6.95158776141617       4.117740020418935E-002  4.620746153425265E-003  6.834858756682557E-002  -3001.73989178445     
   7.64181413856669        15.9924538466227       -6.95520200498871       4.298478035398440E-002  4.626914718217094E-003  6.835169289760283E-002  -3001.75563547959     
   7.65442190820538        15.8504978444221       -6.95879951085334       4.473996016191845E-002  4.633129591788272E-003  6.835233942082841E-002  -2977.32461518485     
   7.66753004856037        15.6991856482186       -6.96238991676942       4.651015227122691E-002  4.639372603651083E-003  6.835518818150145E-002  -2977.33144090975     
   7.68113257290227        15.5462416460574       -6.96596786058075       4.822951214085213E-002  4.645626923117558E-003  6.835562914212892E-002  -2951.23749587449     
   7.69522326870738        15.3841380423402       -6.96955122288900       4.995753579629802E-002  4.651877114061544E-003  6.835824525212737E-002  -2951.23309640347     
   7.70979570049510        15.2206190831948       -6.97314305274869       5.163967447444955E-002  4.658109270060481E-003  6.835852837831850E-002  -2923.58711398794     
   7.72484321276714        15.0482345403339       -6.97676785922867       5.332105113689170E-002  4.664311046251677E-003  6.836093050329459E-002  -2923.56920904931     
   7.74035893304716        14.8746171951815       -6.98043785430823       5.496459001285328E-002  4.670471780844386E-003  6.836109523971551E-002  -2894.48991328783     
   7.75633577501962        14.6925299511132       -6.98418095575557       5.659559162929897E-002  4.676582530864554E-003  6.836329768041320E-002  -2894.45647422774     
   7.77276644176619        14.5093590951116       -6.98801848842081       5.819905809986348E-002  4.682636184875368E-003  6.836337762277271E-002  -2864.07038285620     
   7.78964342909838        14.3182173080791       -6.99197681684550       5.977683390483560E-002  4.688627538497248E-003  6.836539106663209E-002  -2864.01999008038     
   7.80695902898489        14.1261081862129       -6.99608522545962       6.133853236804652E-002  4.694553397719644E-003  6.836541566323338E-002  -2832.46122049945     
   7.82470533307196        13.9266276352667       -7.00036171777764       6.286109558346906E-002  4.700412734596984E-003  6.836724797188640E-002  -2832.39355975986     
   7.84287423629528        13.7262630656039       -7.00484110581447       6.437893601627051E-002  4.706206769827140E-003  6.836724345978691E-002  -2799.80331121197     
   7.86145744058172        13.5192176975752       -7.00952420144042       6.584499911470112E-002  4.711939247615688E-003  6.836890061519137E-002  -2799.71978884222     
   7.88044645863923        13.3113376097579       -7.01444775898873       6.731625586574258E-002  4.717616468984033E-003  6.836889022552817E-002  -2766.24526822233     
   7.89983261783310        13.0975396928506       -7.01958421018483       6.872490876118267E-002  4.723247718518833E-003  6.837037749426873E-002  -2766.14969384272     
   7.91960706414698        12.8829197653225       -7.02496809532577       7.014589187915977E-002  4.728845193967724E-003  6.837038100924343E-002  -2731.94219821643     
   7.93976076622659        12.6631862716740       -7.03052944191020       7.149612391996912E-002  4.734424610764599E-003  6.837170432122243E-002  -2731.84144758351     
   7.96028451950458        12.4426024596357       -7.03629695191098       7.286176202946043E-002  4.740004935747457E-003  6.837173710695731E-002  -2697.05328182213     
   7.98116895040438        12.2177048284868       -7.04214094012236       7.415183865443471E-002  4.745609195336883E-003  6.837290458364183E-002  -2696.95781437865     
   8.00240452062130        11.9918813108143       -7.04808271652455       7.545519566553002E-002  4.751263868635862E-003  6.837297626538556E-002  -2661.73772446424     
   8.02398153147886        11.7624771637824       -7.05391220548466       7.668191641172920E-002  4.756999940610874E-003  6.837399977315430E-002  -2661.66179380130     
   8.04589012835832        11.5320168674193       -7.05964555383765       7.791369287952883E-002  4.762851741629475E-003  6.837411276513965E-002  -2626.14865282625     
   8.06812030519951        11.2985646748939       -7.06496898421637       7.907158016901066E-002  4.768858324603388E-003  6.837500931087971E-002  -2626.11002053977     
   8.09066190907076        11.0638641274050       -7.06990094892255       8.021968119039044E-002  4.775061458620342E-003  6.837515746195756E-002  -2590.42463038911     
   8.11350464480592        10.8265252192808       -7.07400008341866       8.130017804718362E-002  4.781507468871046E-003  6.837595019347284E-002  -2590.44358369212     
   8.13663807970639        10.5876789368264       -7.07730050955547       8.234945900741683E-002  4.788244014218675E-003  6.837611785691597E-002  -2554.67866115617     
   8.16005164830586        10.3462153839736       -7.07921266467063       8.334024558981111E-002  4.795322599614072E-003  6.837683638621316E-002  -2554.77615150942     
   8.18373465719584        10.1029190438780       -7.07980486894150       8.427256972416484E-002  4.802793714983581E-003  6.837699825925950E-002  -2518.98485676040     
   8.20767628990947        9.85660040506435       -7.07832801081285       8.515713898035406E-002  4.810710285405396E-003  6.837767800225267E-002  -2519.17962870674     
   8.23186561186161        9.60806624947857       -7.07490567152238       8.595189157792522E-002  4.819120757876395E-003  6.837780009615262E-002  -2483.36336300021     
   8.25629157534289        9.35560245928120       -7.06863537802811       8.670954895852416E-002  4.828073752256803E-003  6.837848033010685E-002  -2483.66803517359     
   8.28094302456538        9.10050422513532       -7.05971472182511       8.734474823140309E-002  4.837608802052609E-003  6.837852241097683E-002  -2447.76467293169     
   8.30580870075769        8.84002543815508       -7.04712203698870       8.795121545690882E-002  4.847762353398131E-003  6.837924280387576E-002  -2448.18087138807     
   8.33087724730697        8.57649312179319       -7.03113829336284       8.840533711369691E-002  4.858556154867900E-003  6.837916257515742E-002  -2412.05508316824     
   8.35613721494577        8.30559961146422       -7.01069684835512       8.883414207194443E-002  4.870004461820003E-003  6.837995804994734E-002  -2412.56791546995     
   8.38157706698109        8.03128612713541       -6.98615313733206       8.908873109271977E-002  4.882100591980644E-003  6.837971721795887E-002  -2376.00575842718     
   8.40718518456341        7.74719186634117       -6.95652234655226       8.931354971305951E-002  4.894824675008172E-003  6.838061118563739E-002  -2376.57815969238     
   8.43294987199324        7.45943370458736       -6.92219724699876       8.935662406632279E-002  4.908129703298559E-003  6.838018335458726E-002  -2339.28861990026     
   8.45885936206274        7.15922539819332       -6.88246527865418       8.935469483853178E-002  4.921948390967088E-003  6.838117958282475E-002  -2339.85639722504     
   8.48490182143003        6.85531706224598       -6.83768139390771       8.918484295823154E-002  4.936181189483370E-003  6.838055966535470E-002  -2301.48298761404     
   8.51106535602373        6.53634513880856       -6.78766583193222       8.894148235689292E-002  4.950699793320937E-003  6.838163333401842E-002  -2301.95171443746     
   8.53733801647514        6.21394125444801       -6.73261434667733       8.857240691502732E-002  4.965341048848891E-003  6.838084784711392E-002  -2262.09742800570     
   8.56370780357578        5.87434904461915       -6.67320856263861       8.808649064011079E-002  4.979903421940887E-003  6.838193665744184E-002  -2262.34263330560     
   8.59016267375764        5.53199676000328       -6.60931259121208       8.755154650241616E-002  4.994152420788267E-003  6.838105392163117E-002  -2220.61131147026     
   8.61669054459370        5.17137667774829       -6.54285068289172       8.684156740296510E-002  5.007805035919483E-003  6.838205043777756E-002  -2220.48355456878     
   8.64327930031618        4.80916202873266       -6.47313236113954       8.619758766957722E-002  5.020554025294451E-003  6.838118934396724E-002  -2176.53977513461     
   8.66991679735008        4.42930103707713       -6.40372519707645       8.530755709356622E-002  5.032034118562235E-003  6.838193600850698E-002  -2175.87603159399     
   8.69659086985931        4.04956452323936       -6.33311893620415       8.463699274613522E-002  5.041873931352784E-003  6.838127171118460E-002  -2129.52366108058     
   8.72328933530311        3.65520494386498       -6.26689079717595       8.364105804971676E-002  5.049636817228412E-003  6.838156013811265E-002  -2128.16579675582     
   8.75000000000000        3.26324383010517       -6.20242161886237       8.305124763592042E-002  5.054909781472645E-003  6.838132483972822E-002  -2079.44220884688     
   8.77671066469689        2.86274240384971       -6.14755665989573       8.205554899425765E-002  5.057211544079215E-003  6.838090100052513E-002  -2077.26208547190     
   8.80340913014069        2.46737455278310       -6.09828508629864       8.167389653946858E-002  5.056126978451500E-003  6.838137798103218E-002  -2026.54081347679     
   8.83008320264992        2.07310072942187       -6.06478400937210       8.081403002741165E-002  5.051175552060415E-003  6.837995472249572E-002  -2023.46981663210     
   8.85672069968382        1.68692755762697       -6.04141755334434       8.077813399173389E-002  5.041996886339680E-003  6.838146400788121E-002  -1971.55959812894     
   8.88330945540630        1.31521613558374       -6.04047811252526       8.021080538575186E-002  5.028174660802947E-003  6.837874194416160E-002  -1967.61842117715     
   8.90983732624236       0.954407813763966       -6.05457505063954       8.065326218463625E-002  5.009473481803437E-003  6.838161655019788E-002  -1915.84220335891     
   8.93629219642422       0.624891651018118       -6.09755490000130       8.054146129425732E-002  4.985616986278476E-003  6.837731372065607E-002  -1911.16512314567     
   8.96266198352486       0.308347057685039       -6.16030674817164       8.157019326022813E-002  4.956568498956888E-003  6.838186628359358E-002  -1861.39998097084     
   8.98893464397627       4.256282609719490E-002  -6.25730689204069       8.206252632241216E-002  4.922267759869974E-003  6.837575600908587E-002  -1856.24731227359     
   9.01509817856997      -0.209613324260964       -6.37798035302440       8.373891921346144E-002  4.882938885436367E-003  6.838223683699365E-002  -1810.90674763030     
   9.04114063793726      -0.390320814207117       -6.53619199529704       8.494541357396970E-002  4.838797778347823E-003  6.837419187733196E-002  -1805.66022019413     
   9.06705012800676      -0.558931914785641       -6.72042113583161       8.726392617570400E-002  4.790362600866301E-003  6.838274102429918E-002  -1767.60480297517     
   9.09281481543659      -0.636000283146124       -6.94247991488717       8.923218895676566E-002  4.738152616262059E-003  6.837278042301609E-002  -1762.74337771069     
   9.11842293301891      -0.705193505049390       -7.19068845583956       9.210585178647986E-002  4.682971047420258E-003  6.838337826293152E-002  -1735.11398773811     
   9.14386278505423      -0.665542202418838       -7.47333551617532       9.480225252928913E-002  4.625623893266959E-003  6.837171128834045E-002  -1731.17157356417     
   9.16912275269303      -0.625152004021090       -7.77959228377517       9.805804255011744E-002  4.567144532925757E-003  6.838413407811744E-002  -1717.15021233635     
   9.19419129924231      -0.463498958731292       -8.11291230945566       0.101358036131284       4.508565225174859E-003  6.837119378663692E-002  -1714.66073118324     
   9.21905697543462      -0.310843092175462       -8.46445034360219       0.104744294479044       4.451057686599295E-003  6.838498244699090E-002  -1717.17466667918     
   9.24370842465711      -3.117816236909407E-002  -8.83183390287905       0.108434054176796       4.395788038951343E-003  6.837144019453492E-002  -1716.61260898064     
   9.26813438813839       0.228047101269866       -9.20930815503465       0.111639359931736       4.343956852205204E-003  6.838589130684526E-002  -1738.00599799826     
   9.29232371009053       0.612111970552914       -9.58811024745614       0.115428238757453       4.296759427892951E-003  6.837264371459352E-002  -1739.73104769068     
   9.31626534280415       0.963966685794932       -9.96649337790507       0.118108533985354       4.255320408008214E-003  6.838683075876650E-002  -1781.43247501891     
   9.33994835169413        1.42997846394847       -10.3292116146261       0.121649700264003       4.220767120408273E-003  6.837495275755351E-002  -1785.64486584734     
   9.36336192029361        1.85331051102967       -10.6791177444678       0.123459129476554       4.194065545015509E-003  6.838778245297882E-002  -1847.85944309736     
   9.38649535519408        2.37163677216320       -10.9948665101967       0.126375022905904       4.176198633519037E-003  6.837844421109192E-002  -1854.56943127283     
   9.40933809092924        2.83968045659653       -11.2841028488001       0.126996381352734       4.167920336749290E-003  6.838874772036273E-002  -1936.02212520085     
   9.43187969480049        3.37565700401054       -11.5202309634058       0.128906509877834       4.170017375885971E-003  6.838309903258857E-002  -1945.03414749687     
   9.45410987164168        3.85781188359250       -11.7154863855384       0.128078801509105       4.183004915610734E-003  6.838975166087760E-002  -2042.78988916257     
   9.47601846852114        4.37399284747885       -11.8393149132288       0.128628914263874       4.207441986731858E-003  6.838878379292855E-002  -2053.70137960047     
   9.49759547937870        4.83748150785379       -11.9080132088085       0.126171010911144       4.243595555674625E-003  6.839084078661417E-002  -2163.08939997431     
   9.51883104959562        5.29573991111813       -11.8887540904595       0.125063477767146       4.291777440945514E-003  6.839524173869811E-002  -2175.30624958710     
   9.53971548049542        5.70701201971141       -11.8011269362507       0.120893185732399       4.352002868549708E-003  6.839207271563556E-002  -2289.97991445902     
   9.56023923377341        6.07040362522931       -11.6120059245844       0.117917669749312       4.424319311305650E-003  6.840209640768774E-002  -2302.75329969255     
   9.58039293585302        6.39631803018604       -11.3433371453861       0.112064633997760       4.508481651980716E-003  6.839349746748027E-002  -2414.91725341402     
   9.60016738216690        6.63073323502488       -10.9637944099730       0.107126213427967       4.604249025504964E-003  6.840886949171278E-002  -2427.40654178614     
   9.61955354136077        6.83964164242110       -10.4966097906666       9.973609678909179E-002  4.711092557373347E-003  6.839513105245167E-002  -2528.23307526203     
   9.63854255941828        6.91529117348900       -9.91428372178425       9.287622390748587E-002  4.828443054137425E-003  6.841501225195021E-002  -2539.59410500006     
   9.65712576370472        6.97814741445600       -9.24013131308527       8.420383397737412E-002  4.955440452187784E-003  6.839692355778827E-002  -2619.82624870785     
   9.67529466692804        6.87088365850014       -8.45226795017816       7.560933821045492E-002  5.091121637186767E-003  6.841994672268056E-002  -2629.31442996167     
   9.69304097101511        6.76244467197381       -7.57275788640791       6.600036965613587E-002  5.234214838625726E-003  6.839872603546227E-002  -2680.01782334316     
   9.71035657090162        6.45487719570444       -6.58679600877169       5.599763101949251E-002  5.383262366055178E-003  6.842311034304810E-002  -2687.08624533406     
   9.72723355823381        6.15500288741363       -5.51376091825291       4.586166496187330E-002  5.536459790256380E-003  6.840026286551314E-002  -2700.47648659207     
   9.74366422498038        5.63738011669845       -4.34708290408592       3.489632013772116E-002  5.691713436013109E-003  6.842399691789927E-002  -2704.84663113487     
   9.75964106695284        5.13242181250825       -3.10199154889772       2.467608304542279E-002  5.846524963061407E-003  6.840111802761933E-002  -2675.09679661667     
   9.77515678723286        4.40332699891507       -1.78108382787872       1.328163423915157E-002  5.997989732108487E-003  6.842218856998826E-002  -2676.78620242005     
   9.79020429950490        3.68761838557056      -0.394056737432927       3.423948883958135E-003  6.142734251766220E-003  6.840074393811295E-002  -2600.71810445955     
   9.80477673129262        2.75461547208265        1.04653561088249      -7.815916166761909E-003  6.276871597721932E-003  6.841737702999907E-002  -2600.02231939307     
   9.81886742709773        1.83209900933396        2.53770500448572      -1.688381049105331E-002  6.396013526860319E-003  6.839849978365636E-002  -2477.60227311743     
   9.83246995143963       0.712476993762140        4.05629147444762      -2.737496387249953E-002  6.495214445293530E-003  6.840937700826673E-002  -2475.04077528419     
   9.84557809179462      -0.401564510371252        5.60685645067290      -3.526320953988757E-002  6.569099296296714E-003  6.839372293264988E-002  -2309.62522295318     
   9.85818586143331       -1.67994496696025        7.15529251908008      -4.444079608127150E-002  6.611843538292062E-003  6.839813873262306E-002  -2305.86639585782     
   9.87028750215482       -2.95729976617767        8.71410992427905      -5.081163784507176E-002  6.617469592567645E-003  6.838583311073565E-002  -2104.16197819546     
   9.88187748691668       -4.35538589670726        10.2386001474899      -5.818017833460375E-002  6.579910964891225E-003  6.838377090327732E-002  -2099.93875945684     
   9.89295052235914       -5.75408417062279        11.7491209325608      -6.276447373128045E-002  6.493510238721079E-003  6.837446594927360E-002  -1871.64912934808     
   9.90350155122274       -7.22197888735920        13.1919586302184      -6.793998579176735E-002  6.353180743074296E-003  6.836658802452414E-002  -1867.66854450060     
   9.91352575465803       -8.68717761918977        14.5947108652840      -7.055956634287103E-002  6.155073288929819E-003  6.835962908723796E-002  -1624.80381060864     
   9.92301855442648       -10.1663899274020        15.8980386432622      -7.331311795814220E-002  5.896785583609111E-003  6.834719051420861E-002  -1621.64902670946     
   9.93197561499138       -11.6338672878101        17.1356588152412      -7.390809097729270E-002  5.578085295200306E-003  6.834186005937228E-002  -1377.49453126332     
   9.94039284549801       -13.0620076264072        18.2478784000773      -7.420355900251729E-002  5.201077018174292E-003  6.832655643922969E-002  -1375.52576021343     
   9.94826640164199       -14.4644297682552        19.2728193499474      -7.285564944785457E-002  4.770830584630701E-003  6.832232132524103E-002  -1143.32468620742     
   9.95559268742504       -15.7819023701228        20.1569096722600      -7.086640952071147E-002  4.295400449652004E-003  6.830605898378506E-002  -1142.60400373527     
   9.96236835679736       -17.0568584981299        20.9402987244816      -6.780370912090644E-002  3.786142607203971E-003  6.830269765657908E-002  -934.096352200166     
   9.96859031518581       -18.2140374336195        21.5817582494736      -6.389127370237659E-002  3.257330366733110E-003  6.828726164625981E-002  -934.376714826561     
   9.97425572090726       -19.3118531766256        22.1206467373806      -5.946214335667013E-002  2.725715366001013E-003  6.828474955125016E-002  -758.426386842105     
   9.97936198646644       -20.2745482958187        22.5322761468563      -5.411076643964122E-002  2.209265292676547E-003  6.827139748889532E-002  -759.239993898235     
   9.98390677973773       -21.1633500708751        22.8525223979480      -4.872491934661115E-002  1.725624114690431E-003  6.826957029635410E-002  -620.863119322032     
   9.98788802503023       -21.9141785726505        23.0738105846956      -4.244605248731610E-002  1.290133645864440E-003  6.825873959150366E-002  -621.708477051497     
   9.99130390403581       -22.5798647440529        23.2263983151916      -3.649574286148526E-002  9.141718114267598E-004  6.825709153269900E-002  -521.881876748858     
   9.99415285665954       -23.1143345969219        23.3159399985200      -2.973035565898530E-002  6.041654508693390E-004  6.824867179221791E-002  -522.438087155518     
   9.99643358173221       -23.5551744501500        23.3654450450639      -2.351963025522320E-002  3.617573256459263E-004  6.824688888704941E-002  -458.992166640963     
   9.99814503760465       -23.8746627590883        23.3862480635480      -1.656733197200014E-002  1.850186347257605E-004  6.824118362611375E-002  -459.222250723495     
   9.99928644262338       -24.0937809764300        23.3927946393425      -2.128146622349517E-004  7.028452812534242E-005  6.823986598964765E-002  -428.732048766593     
   9.99985727548769       -24.2000851368951        23.3936011405818       1.333573299682526E-002  1.398185866740904E-005  6.823779930096596E-002  -428.778833265033     
