  5.482311882135105E-004   74.6658429460039      -0.649353884799113        19.5749102845532       6.165467870062898E-035  9.150276980973748E-033  -2776.51568295074     
  2.740194157273279E-003   74.7040501890928      -0.649350111371738      -0.118713913018403       3.070391244347815E-034  4.641964678396840E-032  -2776.99242265808     
  7.120274647511096E-003   74.7991557310520      -0.649314527044646      -0.200380980710965       7.912487574254982E-034  1.301248323971962E-031  -2780.39042440631     
  1.368078850938578E-002   74.9757084369358      -0.649170082095448      -0.251590387708898       1.498238079784055E-033  2.871483776656889E-031  -2789.94420267565     
  2.241022637230590E-002   75.2498968217697      -0.648769230928665      -0.267411798987232       2.409669379637624E-033  5.749841182284222E-031  -2807.84374017870     
  3.329327383597702E-002   75.6244145681338      -0.647889707377959      -0.257841270026313       3.493757289739970E-033  1.107357131209411E-030  -2834.57163712460     
  4.631083833706355E-002   76.0926511069853      -0.646246930213612      -0.236073421216655       4.723042262055885E-033  2.110568549177706E-030  -2869.44778077594     
  6.144008264403235E-002   76.6453845879218      -0.643511655235619      -0.211587285174684       6.063670059281688E-033  4.047146477951774E-030  -2911.50286007242     
  7.865446492141721E-002   77.2745457358590      -0.639325798328133      -0.188945479088012       7.479529494960117E-033  7.889209409790896E-030  -2959.97572257752     
  9.792378529321730E-002   77.9735058837086      -0.633317884623636      -0.169450510210649       8.928490851557701E-033  1.573429861842531E-029  -3014.35861282755     
  0.119214238823741        78.7359049701522      -0.625122726434549      -0.152979356148355       1.036691977877192E-032  3.222484242187280E-029  -3074.24793615943     
  0.142488474822952        79.5546255526562      -0.614408027280104      -0.139028733466182       1.179030237829561E-032  6.789819911635945E-029  -3139.20765763368     
  0.167705662372269        80.4213476066180      -0.600907509209187      -0.127107958759654       1.315951819813341E-032  1.472817816017737E-028  -3208.70144138538     
  0.194821561955871        81.3265453442678      -0.584457433297214      -0.116828727812566       1.445049311398048E-032  3.289197731318395E-028  -3282.07533905780     
  0.223788603071846        82.2597477608120      -0.565031021810950      -0.107900261392897       1.581369040274207E-032  7.560923688861147E-028  -3358.56841244298     
  0.254555967687008        83.2099670688199      -0.542763841540523      -0.100106494956473       1.733336949948512E-032  1.788294428045597E-027  -3437.34076072974     
  0.287069679389002        84.1662314980960      -0.517963713043313      -9.328492208739353E-002  1.943985537615866E-032  4.350023743021831E-027  -3517.51399139917     
  0.321272698079270        85.1181516254842      -0.491101514938599      -8.731014585304597E-002  2.326764114062829E-032  1.087735412944525E-026  -3598.21891754084     
  0.357105020040764        86.0564412833470      -0.462783488230279      -8.208169167860639E-002  3.186812204853254E-032  2.794484861317436E-026  -3678.64388934899     
  0.394503783204860        86.9733223556452      -0.433709742481978      -7.751522832925886E-002  5.322788883800223E-032  7.371628502389785E-026  -3758.07698991168     
  0.433403377432783        87.8627670401194      -0.404626240371911      -7.353649009779453E-002  1.094650432141095E-031  1.995281019444106E-025  -3835.93672690749     
  0.473735559618085        88.7205632309011      -0.376277995291096      -7.007734783331049E-002  2.622033248661697E-031  5.536959633760899E-025  -3911.78831878007     
  0.515429573408246        89.5442189879017      -0.349369819295038      -6.707355851990493E-002  6.868949517278601E-031  1.573837312611513E-024  -3985.34539752206     
  0.558412273335357        90.3327436485078      -0.324538495154397      -6.446375972819059E-002  1.893008579400367E-030  4.577289099758327E-024  -4056.45921407649     
  0.602608253138127        91.0863532311229      -0.302337600520927      -6.218930520678043E-002  5.383371417613354E-030  1.360504136959493E-023  -4125.09882744079     
  0.647939978050086        91.8061473224918      -0.283234046462742      -6.019458436199009E-002  1.568360587206086E-029  4.127275962036267E-023  -4191.32621570433     
  0.694327920821916        92.4937967593289      -0.267614025343290      -5.842753593419486E-002  4.661351114818517E-029  1.276080564103959E-022  -4255.26994434584     
  0.741690701239265        93.1512698169925      -0.255795506543779      -5.684014679730454E-002  1.411847663418959E-028  4.014921220439740E-022  -4317.10025389458     
  0.789945228891301        93.7806124772342      -0.248044494420784      -5.538880789603023E-002  4.349739020194064E-028  1.283376083907793E-021  -4377.00747308368     
  0.839006848939523        94.3837878001659      -0.244592723555745      -5.403446986704154E-002  1.362406188962809E-027  4.160722533557103E-021  -4435.18474416879     
  0.888789490631117        94.9625715402132      -0.245655082694307      -5.274259439931964E-002  4.331240439004101E-027  1.365695288166794E-020  -4491.81529473046     
  0.939205818296299        95.5184961443058      -0.251445664173549      -5.148293226939295E-002  1.396382175131632E-026  4.530225555658997E-020  -4547.06395661293     
  0.990167384564762        96.0528328329308      -0.262191834671482      -5.022917722786004E-002  4.557844653296273E-026  1.515868249009330E-019  -4601.07231328717     
   1.04158478553241        96.5666010045245      -0.278146079637843      -4.895855038271225E-002  1.504287208109291E-025  5.106959056599349E-019  -4653.95671584261     
   1.09336781760621        97.0605950720628      -0.299595591333002      -4.765136670379114E-002  5.011335682729525E-025  1.729019090009392E-018  -4705.80839688533     
   1.14542563575190        97.5354204521942      -0.326869673518248      -4.629062752127409E-002  1.682443227102980E-024  5.871490679757523E-018  -4756.69498350587     
   1.19766691286708        97.9915323211994      -0.360345055908413      -4.486167322746365E-002  5.681685354877253E-024  1.996106467591932E-017  -4806.66282553393     
   1.25000000000000        98.4292726082955      -0.400449178207291      -4.335192064027886E-002  1.926516654509557E-023  6.780865182071396E-017  -4855.73968410903     
   1.30233308713292        98.8489023234607      -0.447661440805018      -4.175070063030163E-002  6.545811528347542E-023  2.297408238078585E-016  -4903.93744880449     
   1.35457436424810        99.2506276250923      -0.502512344138561      -4.004920401255491E-002  2.224257350457793E-022  7.748841098799067E-016  -4951.25465825618     
   1.40663218239379        99.6346190072057      -0.565580362363962      -3.824053732095899E-002  7.542776597189344E-022  2.597076299309846E-015  -4997.67868498429     
   1.45841521446759        100.001023658424      -0.637486325864674      -3.631988465755494E-002  2.547344990642239E-021  8.633706660532317E-015  -5043.18750978236     
   1.50983261543524        100.349971473162      -0.718885024849962      -3.428476698710688E-002  8.549016670716819E-021  2.841857337347748E-014  -5087.75105734132     
   1.56079418170370        100.681575446851      -0.810453695274057      -3.213538566765772E-002  2.844919116163908E-020  9.245721949818850E-014  -5131.33209681644     
   1.61121050936888        100.995927329647      -0.912877011285469      -2.987503234244997E-002  9.366763997383498E-020  2.968029022019528E-013  -5173.88673358476     
   1.66099315106048        101.293089509102       -1.02682819022432      -2.751054229771792E-002  3.044465659473908E-019  9.385421943414309E-013  -5215.36453629333     
   1.71005477110870        101.573084195159       -1.15294582569546      -2.505276280397350E-002  9.746880198471485E-019  2.918649464219419E-012  -5255.70836097329     
   1.75830929876073        101.835881132885       -1.29180611671115      -2.251700165351956E-002  3.066796585921352E-018  8.911506852763054E-012  -5294.85395539012     
   1.80567207917808        102.081385297423       -1.44389028040662      -1.992341399571510E-002  9.462445892444965E-018  2.667314078424085E-011  -5332.72945481230     
   1.85206002194991        102.309426340295       -1.60954715710795      -1.729727765046321E-002  2.856683069973198E-017  7.814070198015681E-011  -5369.25491630924     
   1.89739174686187        102.519751937028       -1.78895138442551      -1.466909848046989E-002  8.419999647792481E-017  2.237174107372128E-010  -5404.34208133807     
   1.94158772666464        102.712027575436       -1.98205808102545      -1.207447845113063E-002  2.417790727566687E-016  6.250182315771710E-010  -5437.89460089484     
   1.98457042659175        102.885845614360       -2.18855578083812      -9.553670280011752E-003  6.749402593424474E-016  1.701445098643287E-009  -5469.80899415975     
   2.02626444038192        103.040746472293       -2.40782039964281      -7.150734866971634E-003  1.827921716431678E-015  4.506580154746518E-009  -5499.97662507611     
   2.06659662256722        103.176254368060       -2.63887423083468      -4.912211874556420E-003  4.793225595959280E-015  1.159738545416503E-008  -5528.28695162920     
   2.10549621679514        103.291928919697       -2.88035517448198      -2.885210690255633E-003  1.214617189709239E-014  2.895636172890113E-008  -5554.63220848390     
   2.14289497995924        103.387431972191       -3.13050228180362      -1.114829666968173E-003  2.968868560250212E-014  7.004738750229131E-008  -5578.91350984647     
   2.17872730192073        103.462606307683       -3.38716380231580       3.591805052562402E-004  6.987476773960201E-014  1.639465478626659E-007  -5601.04810731990     
   2.21293032061100        103.517559722835       -3.64783278486479       1.506566698894726E-003  1.580916090833759E-013  3.707472130619376E-007  -5620.97723613199     
   2.24544403231299        103.552745005229       -3.90971259979784       2.311518808902124E-003  3.433076174721433E-013  8.089570533051433E-007  -5638.67369472348     
   2.27621139692815        103.569024526826       -4.16981060820999       2.778209064281568E-003  7.145297191125162E-013  1.700799721417839E-006  -5654.14811503958     
   2.30517843804413        103.567708394278       -4.42505326550218       2.936334280636426E-003  1.423461563025770E-012  3.440837075100589E-006  -5667.45288228817     
   2.33229433762773        103.550557837475       -4.67241140639568       2.845366698272565E-003  2.711046268128464E-012  6.688681136381765E-006  -5678.68290307250     
   2.35751152517705        103.519750466534       -4.90902170859794       2.595172182719648E-003  4.930881496189535E-012  1.247423933411500E-005  -5687.97287704760     
   2.38078576117626        103.477810062610       -5.13229040422198       2.299516861454288E-003  8.556350551237565E-012  2.228040644884518E-005  -5695.49129340573     
   2.40207621470678        103.427509003607       -5.33996835344155       2.078568032831928E-003  1.415267303207492E-011  3.803368302903372E-005  -5701.43189668919     
   2.42134553507858        103.371754902131       -5.53019173690058       2.028067347540180E-003  2.229351959316195E-011  6.190045659643969E-005  -5706.00369799217     
   2.43855991735597        103.313473590423       -5.70148845034027       2.176743920456544E-003  3.340850243183943E-011  9.579021187195081E-005  -5709.42068767026     
   2.45368916166294        103.255499216947       -5.85275396556770       2.435612597589410E-003  4.756886083196999E-011  1.405571910675524E-004  -5711.89222147363     
   2.46670672616402        103.200477347937       -5.98318419776913       2.537813015283788E-003  6.426424928030655E-011  1.950899760933461E-004  -5713.61480954135     
   2.47758977362769        103.150796839211       -6.09211692111873       1.986859560274702E-003  8.228626820740568E-011  2.557037583885117E-004  -5714.76509191522     
   2.48631921149061        103.108638173738       -6.17883274643241       1.263430959115427E-004  9.985096849483610E-011  3.163130083259750E-004  -5715.49001968299     
   2.49287972535249        103.076053930959       -6.24268813699019      -3.532388310628277E-003  1.149826798017190E-010  3.696001941667256E-004  -5715.89771291645     
   2.49725980584273        103.054515464149       -6.28383116487574      -8.920665519109293E-003  1.259855357870030E-010  4.088375674497021E-004  -5716.07460492150     
   2.49945176881179        103.044123776708       -6.30363587955395      -1.270472846419719E-002  1.317428480620853E-010  4.294543770266266E-004  -5716.11964611315     
   2.50137060803287        103.034252579751       -6.32236782991875      -6.972915473369546E-003  1.372426556657997E-010  4.482586828240797E-004  -5716.20264281788     
   2.50356305184109        103.022552585279       -6.34428859777057      -1.831882669823599E-003  1.438893764514994E-010  4.703441441481573E-004  -5716.30629090596     
   2.50685051540278        103.004736043190       -6.37713125607305       4.163744490998015E-003  1.544322329891013E-010  5.043077195826216E-004  -5716.43946385153     
   2.51123155672778        102.980488186549       -6.42084615606132       1.106907241426549E-002  1.696278073294020E-010  5.508754935422469E-004  -5716.57620185397     
   2.51670425414656        102.949395795443       -6.47536060300979       1.884756193116810E-002  1.906106630675902E-010  6.107463887310232E-004  -5716.68290376053     
   2.52326620715317        102.910949945110       -6.54057227150877       2.738122211328660E-002  2.190236539134713E-010  6.845254440575411E-004  -5716.71874456041     
   2.53091453745813        102.864547924362       -6.61634042652365       3.650255734753492E-002  2.572131734710259E-010  7.726966552238010E-004  -5716.63593809408     
   2.53964589025101        102.809495005532       -6.70247520955012       4.602841147299697E-002  3.085183195780719E-010  8.756218744649555E-004  -5716.37993138382     
   2.54945643567188        102.745007154200       -6.79872543103014       5.578382663238644E-002  3.776976649584824E-010  9.935530446333156E-004  -5715.88967615635     
   2.56034187049129        102.670215741801       -6.90476538002685       6.561394331237008E-002  4.715590778039706E-010  1.126648977044806E-003  -5715.09811716331     
   2.57229741999776        102.584175021166       -7.02018118716856       7.538751208175001E-002  5.998901147498686E-010  1.274992126112832E-003  -5713.93299014360     
   2.58531784009214        102.485872762719       -7.14445733205310       8.499634965122288E-002  7.768334660147522E-010  1.438603657437526E-003  -5712.31796884030     
   2.59939741958784        102.374244163516       -7.27696400298851       9.435353062766093E-002  1.022919813900956E-009  1.617456408865463E-003  -5710.17416172622     
   2.61452998271597        102.248188944816       -7.41694617406047       0.103391453276349       1.368066836629453E-009  1.811485752499831E-003  -5707.42193721026     
   2.63070889183421        102.106591383710       -7.56351541058535       0.112059986069509       1.855986570845427E-009  2.020598468616596E-003  -5703.98304154852     
   2.64792705033828        101.948342815698       -7.71564549392816       0.120324603634821       2.550622258713884E-009  2.244679797930694E-003  -5699.78295613887     
   2.66617690577482        101.772365876199       -7.87217292766005       0.128164426396501       3.545465463775218E-009  2.483598889069666E-003  -5694.75341588674     
   2.68545045315406        101.577639446609       -8.03180322396911       0.135570156752492       4.976882610610582E-009  2.737212887774920E-003  -5688.83498012360     
   2.70573923846112        101.363222992570       -8.19312356632428       0.142541964248573       7.042892104528779E-009  3.005369916639646E-003  -5681.97951849914     
   2.72703436236422        101.128278795104       -8.35462201745252       0.149087398310871       1.002914492308471E-008  3.287911175847151E-003  -5674.15245378496     
   2.74932648411821        100.872090535412       -8.51471292984354       0.155219409314706       1.434411705269698E-008  3.584672366273611E-003  -5665.33459788582     
   2.77260582566172        100.594076834423       -8.67176767914942       0.160954547918173       2.056564585549337E-008  3.895484603912285E-003  -5655.52343028414     
   2.79686217590615        100.293798670456       -8.82414935086038       0.166311395591851       2.950085057222269E-008  4.220174963164386E-003  -5644.73370010419     
   2.82208489521462        99.9709600710224       -8.97024963750557       0.171309260014008       4.226109772061602E-008  4.558566758217181E-003  -5632.99728098838     
   2.84826292006882        99.6254020382329       -9.10852600059554       0.175967149799224       6.035297024118021E-008  4.910479647290419E-003  -5620.36226611814     
   2.87538476792185        99.2570902454363       -9.23753714389272       0.180303025487016       8.578519952566039E-008  5.275729624081169E-003  -5606.89135129030     
   2.90343854223486        98.8660975583643       -9.35597502550458       0.184333308986983       1.211903164122830E-007  5.654128944021329E-003  -5592.65960904966     
   2.93241193769525        98.4525828236157       -9.46269197022712       0.188072622495510       1.699585263528216E-007  6.045486019569675E-003  -5577.75179982781     
   2.96229224561419        98.0167675912493       -9.55672187587290       0.191533720566551       2.363802032784151E-007  6.449605308231513E-003  -5562.25939256289     
   2.99306635950107        97.5589124850644       -9.63729497644470       0.194727575421143       3.257926053472346E-007  6.866287208879362E-003  -5546.27747591460     
   3.02472078081245        97.0792948182426       -9.70384607408335       0.197663575262853       4.447260717621837E-007  7.295327975823143E-003  -5529.90173311892     
   3.05724162487296        96.5781888069632       -9.75601653689617       0.200349797654082       6.010451098614163E-007  7.736519655578446E-003  -5513.22563191169     
   3.09061462696557        96.0558494043796       -9.79365065440895       0.202793324132578       8.040803814354469E-007  8.189650048088710E-003  -5496.33795006656     
   3.12482514858856        95.5125004078577       -9.81678713703535       0.205000567460587       1.064748524254559E-006  8.654502691997091E-003  -5479.32072147339     
   3.15985818387649        94.9483271247492       -9.82564664549572       0.206977588555316       1.395657828341551E-006  9.130856872204477E-003  -5462.24765143797     
   3.19569836618223        94.3634735484103       -9.82061625523076       0.208730385747675       1.811198845088932E-006  9.618487647197900E-003  -5445.18301626674     
   3.23232997481729        93.7580437182947       -9.80223171931609       0.210265144212417       2.327619883742018E-006  1.011716589332099E-002  -5428.18103343647     
   3.26973694194743        93.1321067270980       -9.77115831193444       0.211588438003024       2.963087936292444E-006  1.062665836315563E-002  -5411.28566595290     
   3.30790285964057        92.4857046967774       -9.72817093184602       0.212707381018482       3.737735821476362E-006  1.114672775537713E-002  -5394.53080823331     
   3.34681098706380        91.8188629699460       -9.67413403651603       0.213629726416378       4.673696263405578E-006  1.167713279375258E-002  -5377.94079072103     
   3.38644425782651        91.1316017455301       -9.60998187321509       0.214363916506526       5.795123279845931E-006  1.221762831330598E-002  -5361.53113574715     
   3.42678528746625        90.4239484172036       -9.53669937986519       0.214919087075806       7.128200739275346E-006  1.276796535202828E-002  -5345.30949696408     
   3.46781638107414        89.6959499387607       -9.45530404844842       0.215305031480115       8.701137357195747E-006  1.332789124683560E-002  -5329.27671797784     
   3.50951954105644        88.9476846313175       -9.36682897754228       0.215532130762493       1.054414684030842E-005  1.389714973275679E-002  -5313.42795162733     
   3.55187647502887        88.1792729531073       -9.27230728638021       0.215611256580454       1.268941143700653E-005  1.447548104455406E-002  -5297.75378882190     
   3.59486860384028        87.3908868650567       -9.17275801826466       0.215553653904890       1.517102687738283E-005  1.506262202015212E-002  -5282.24135420677     
   3.63847706972207        86.5827575372162       -9.06917362347871       0.215370810337150       1.802492662408600E-005  1.565830620537454E-002  -5266.87533457359     
   3.68268274455984        85.7551812468684       -8.96250907862166       0.215074318525618       2.128878352099002E-005  1.626226395957378E-002  -5251.63891440008     
   3.72746623828359        84.9085234146044       -8.85367266867179       0.214675737593167       2.500188731198814E-005  1.687422256180308E-002  -5236.51460084003     
   3.77280790737286        84.0432208069899       -8.74351842887837       0.214186458757728       2.920499708152542E-005  1.749390631722472E-002  -5221.48492765109     
   3.81868786347303        83.1597820019844       -8.63284021531913       0.213617579486200       3.394016840249021E-005  1.812103666349048E-002  -5206.53303379039     
   3.86508598211901        82.2587862653793       -8.52236734572652       0.212979789613936       3.925055581776774E-005  1.875533227687196E-002  -5191.64311764727     
   3.91198191156250        81.3408810234542       -8.41276172652529       0.212283271934215       4.518019217681158E-005  1.939650917796638E-002  -5176.80077209881     
   3.95935508169891        80.4067781397388       -8.30461635872772       0.211537618857673       5.177374724568562E-005  2.004428083686004E-002  -5161.99320879397     
   4.00718471309012        79.4572492137408       -8.19845509528164       0.210751765898510       5.907626885941271E-005  2.069835827769525E-002  -5147.20938235764     
   4.05544982607902        78.4931201186079       -8.09473350646894       0.209933941994756       6.713291064713547E-005  2.135845018265625E-002  -5132.44002664536     
   4.10412924999188        77.5152649850266       -7.99384069862880       0.209091636036453       7.598865100056642E-005  2.202426299546332E-002  -5117.67761587765     
   4.15320163242450        76.5245998223527       -7.89610192518634       0.208231578473353       8.568800845207301E-005  2.269550102453463E-002  -5102.91626355415     
   4.20264544860809        75.5220759470754       -7.80178182775675       0.207359736507582       9.627475896944923E-005  2.337186654604359E-002  -5088.15157161116     
   4.25243901085073        74.5086733651142       -7.71108814872412       0.206481321143761       1.077916608600208E-004  2.405305990715642E-002  -5073.38044145436     
   4.30256047805033        73.4853942297585       -7.62417576465419       0.205600804258803       1.202801930176769E-004  2.473877962978368E-002  -5058.60085738269     
   4.35298786527485        72.4532564725949       -7.54115090147776       0.204721943850327       1.337803121620534E-004  2.542872251521209E-002  -5043.81165161378     
   4.40369905340561        71.4132876815333       -7.46207540672588       0.203847815706239       1.483302345359936E-004  2.612258375000710E-002  -5029.01225871401     
   4.45467179883948        70.3665192787380       -7.38697097029853       0.202980849887214       1.639662472773559E-004  2.682005701358324E-002  -5014.20246579512     
   4.50588374324565        69.3139810322998       -7.31582320240760       0.202122870606837       1.807225543997382E-004  2.752083458783910E-002  -4999.38216342336     
   4.55731242337272        68.2566959190525       -7.24858549463024       0.201275138310408       1.986311620412584E-004  2.822460746924143E-002  -4984.55110083706     
   4.60893528090186        67.1956753420128       -7.18518260674791       0.200438392975781       2.177218074103116E-004  2.893106548372441E-002  -4969.70864781694     
   4.66072967234160        66.1319146943961       -7.12551393770560       0.199612897873475       2.380219357123644E-004  2.963989740474403E-002  -4954.85356441822     
   4.71267287896005        65.0663892528029       -7.06945645327262       0.198798483218321       2.595567293243988E-004  3.035079107479548E-002  -4939.98377876966     
   4.76474211675004        64.0000503747651       -7.01686725569630       0.197994589315749       2.823491936381156E-004  3.106343353065490E-002  -4925.09617227649     
   4.81691454642296        62.9338219701824       -6.96758579189208       0.197200308949670       3.064203043680469E-004  3.177751113254601E-002  -4910.18637084000     
   4.86916728342686        61.8685972121756       -6.92143570678773       0.196414428877741       3.317892217690860E-004  3.249270969733414E-002  -4895.24854013058     
   4.92147740798430        60.8052354505697       -6.87822635779243       0.195635470399457       3.584735781862391E-004  3.320871463570624E-002  -4880.27518253585     
   4.97382197514580        59.7445592908577       -6.83775401560782       0.194861729050423       3.864898467237153E-004  3.392521109307373E-002  -4865.25693316821     
   5.07852259201570        57.6343538344599       -6.76414530217379       0.193322184329769       4.465810751392889E-004  3.535841868637373E-002  -4835.03771168129     
   5.13083271657314        56.5862613951836       -6.73054323783691       0.192552191731112       4.786878465318546E-004  3.607450009185200E-002  -4819.80677313379     
   5.18308545357704        55.5437231306252       -6.69874773358695       0.191779114830677       5.121916453794249E-004  3.678981384645586E-002  -4804.47055779434     
   5.23525788324996        54.5073378807712       -6.66849981641073       0.191000701147282       5.471123247410643E-004  3.750404594156134E-002  -4789.00710673280     
   5.28732712103995        53.4776523879144       -6.63953094147104       0.190214708430624       5.834732056532283E-004  3.821688295262772E-002  -4773.39123453209     
   5.33927032765839        52.4551592417114       -6.61156379846102       0.189418949628712       6.213024234567073E-004  3.892801215288574E-002  -4757.59428011092     
   5.39106471909814        51.4402952077327       -6.58431355619072       0.188611342484771       6.606344964857186E-004  3.963712160522679E-002  -4741.58386175532     
   5.44268757662728        50.4334401479649       -6.55748974519108       0.187789965400541       7.015121322797471E-004  4.034390022548371E-002  -4725.32364669560     
   5.49411625675436        49.4349168114035       -6.53079899974477       0.186953121277467       7.439882735498724E-004  4.104803781054762E-002  -4708.77314940569     
   5.54532820116052        48.4449918436168       -6.50394889207700       0.186099410901387       7.881283643864114E-004  4.174922502600382E-002  -4691.88757699504     
   5.59630094659439        47.4638784269489       -6.47665308582153       0.185227816961619       8.340127845711853E-004  4.244715335041146E-002  -4674.61774439090     
   5.64701213472515        46.4917410055735       -6.44863800586067       0.184337798880093       8.817393550694302E-004  4.314151497710818E-002  -4656.91008614814     
   5.69743952194967        45.5287025570039       -6.41965115986682       0.183429397183811       9.314257610458935E-004  4.383200267939068E-002  -4638.70679524636     
   5.74756098914927        44.5748548279306       -6.38947114744578       0.182503344153136       9.832116725847656E-004  4.451830965078339E-002  -4619.94612161108     
   5.79735455139191        43.6302718427698       -6.35791925293051       0.181561174973918       1.037260273119870E-003  4.520012933829459E-002  -4600.56286372183     
   5.84679836757550        42.6950268079492       -6.32487233968057       0.180605330786985       1.093758840004688E-003  4.587715529233909E-002  -4580.48908491081     
   5.89587075000812        41.7692122713948       -6.29027655551309       0.179639242162560       1.152917972122625E-003  4.654908106160268E-002  -4559.65508121592     
   5.94455017392098        40.8529630632087       -6.25416113573923       0.178667379044432       1.214969039206704E-003  4.721560016383696E-002  -4537.99061945989     
   5.99281528690988        39.9464811605112       -6.21665137361894       0.177695251595660       1.280159449925981E-003  4.787640616393646E-002  -4515.42645233083     
   6.04064491830109        39.0500612189833       -6.17797964390701       0.176729346127021       1.348745411997134E-003  4.853119288846816E-002  -4491.89610169740     
   6.08801808843750        38.1641151373429       -6.13849324161423       0.175776981820172       1.420981994343054E-003  4.917965480112845E-002  -4467.33788264256     
   6.13491401788099        37.2891937158758       -6.09865776225779       0.174846077540181       1.497110498894316E-003  4.982148755655325E-002  -4441.69711961039     
   6.18131213652697        36.4260032840306       -6.05905482500490       0.173944823731048       1.577343400286418E-003  5.045638874058191E-002  -4414.92848392551     
   6.22719209262714        35.5754151487560       -6.02037314321027       0.173081262034334       1.661847399032159E-003  5.108405879341722E-002  -4386.99836046354     
   6.27253376171641        34.7384658900753       -5.98339228640878       0.172262784454237       1.750725432800486E-003  5.170420209795103E-002  -4357.88713245223     
   6.31731725544016        33.9163469261656       -5.94895895144254       0.171495573965356       1.843998768845142E-003  5.231652819878191E-002  -4327.59125951033     
   6.36152293027793        33.1103823927634       -5.91795615162630       0.170784018549556       1.941590520867337E-003  5.292075309862618E-002  -4296.12501737492     
   6.40513139615972        32.3219952144841       -5.89126640744733       0.170130139660831       2.043312056616637E-003  5.351660055936223E-002  -4263.52177041222     
   6.44812352497113        31.5526622437974       -5.86973072496227       0.169533082779808       2.148853752968631E-003  5.410380331750780E-002  -4229.83466151945     
   6.49048045894356        30.8038604290718       -5.85410580189237       0.168988720669753       2.257781387901926E-003  5.468210411226102E-002  -4195.13662907743     
   6.53218361892586        30.0770070348936       -5.84502241269378       0.168489417917308       2.369539125716170E-003  5.525125642251975E-002  -4159.51969662423     
   6.57321471253375        29.3733978381535       -5.84294819399459       0.168023997443741       2.483459567938585E-003  5.581102482108743E-002  -4123.09352580224     
   6.61355574217349        28.6941478156873       -5.84815799614134       0.167577935712720       2.598780748286365E-003  5.636118488121753E-002  -4085.98327325999     
   6.65318901293620        28.0401389946874       -5.86071453693679       0.167133794130669       2.714669309964453E-003  5.690152261143894E-002  -4048.32684267689     
   6.69209714035943        27.4119797752789       -5.88046129784489       0.166671871522314       2.830248497456988E-003  5.743183344459640E-002  -4010.27166836563     
   6.73026305805257        26.8099791503102       -5.90702851498938       0.166171039407810       2.944629105963220E-003  5.795192085876950E-002  -3971.97120160487     
   6.76767002518271        26.2341379238217       -5.93985187210857       0.165609701461128       3.056941230928980E-003  5.846159475240847E-002  -3933.58129066665     
   6.80430163381777        25.6841574320125       -5.97820227443939       0.164966804198866       3.166364592849049E-003  5.896066972550241E-002  -3895.25664801454     
   6.84014181612351        25.1594646184365       -6.02122405083179       0.164222819992754       3.272155388217385E-003  5.944896342740667E-002  -3857.14758329133     
   6.87517485141144        24.6592508402145       -6.06797824376485       0.163360626866224       3.373668007937252E-003  5.992629511868376E-002  -3819.39715078031     
   6.90938537303443        24.1825206815857       -6.11748738846323       0.162366221542842       3.470370509353151E-003  6.039248456184246E-002  -3782.13881922686     
   6.94275837512703        23.7281464507200       -6.16877836067194       0.161229220719552       3.561853347159061E-003  6.084735131061919E-002  -3745.49472559503     
   6.97527921918755        23.2949239700531       -6.22092042187416       0.159943127446237       3.647831477288484E-003  6.129071441767708E-002  -3709.57452805813     
   7.00693364049893        22.8816256859284       -6.27305639139502       0.158505361462873       3.728140472735493E-003  6.172239253444736E-002  -3674.47483215336     
   7.03770775438581        22.4870478995944       -6.32442578360413       0.156917071460655       3.802727679202859E-003  6.214220434065254E-002  -3640.27913111654     
   7.06758806230475        22.1100499033952       -6.37437962839494       0.155182761503197       3.871639666847507E-003  6.254996921838119E-002  -3607.05817887063     
   7.09656145776514        21.7495838366479       -6.42238743732506       0.153309772407376       3.935007304033252E-003  6.294550807702753E-002  -3574.87070227048     
   7.12461523207815        21.4047150238559       -6.46803732190986       0.151307661955295       3.993029712796351E-003  6.332864423908574E-002  -3543.76435698473     
   7.15173707993118        21.0746333330782       -6.51103059417917       0.149187526394419       4.045958199542649E-003  6.369920430931382E-002  -3513.77683691336     
   7.17791510478538        20.7586566489306       -6.55117229880482       0.146961301230934       4.094081028696268E-003  6.405701896722765E-002  -3484.93705797343     
   7.20313782409385        20.4562278870376       -6.58835908109005       0.144641073336821       4.137709659407155E-003  6.440192364167363E-002  -3457.26635111467     
   7.22739417433828        20.1669071081448       -6.62256563696675       0.142238430196534       4.177166826505754E-003  6.473375904358739E-002  -3430.77961452488     
   7.25067351588179        19.8903602608785       -6.65383077060286       0.139763866624874       4.212776637721111E-003  6.505237154729433E-002  -3405.48638959210     
   7.27296563763578        19.6263459387351       -6.68224384497309       0.137226265019114       4.244856691357555E-003  6.535761342091582E-002  -3381.39183825134     
   7.29426076153888        19.3747013238317       -6.70793218162284       0.134632462173408       4.273712095789923E-003  6.564934291161872E-002  -3358.49761027504     
   7.31454954684594        19.1353282450307       -6.73104976625482       0.131986913577809       4.299631192166632E-003  6.592742418694655E-002  -3336.80259766034     
   7.33382309422518        18.9081800303468       -6.75176745429220       0.129291463855202       4.322882739029281E-003  6.619172710036229E-002  -3316.30357958255     
   7.35207294966172        18.6932496033456       -6.77026474477402       0.126545227746150       4.343714305063155E-003  6.644212662290988E-002  -3296.99576564699     
   7.36929110816579        18.4905590732815       -6.78672309630250       0.123744575588269       4.362351626473621E-003  6.667850138476998E-002  -3278.87324767924     
   7.38547001728403        18.3001509060084       -6.80132068752153       0.120883195010149       4.378998711193439E-003  6.690072969836304E-002  -3261.92937136811     
   7.40060258041216        18.1220806406052       -6.81422846950199       0.117952160238651       4.393838505656621E-003  6.710867902452959E-002  -3246.15703902716     
   7.41468215990786        17.9564110369776       -6.82560731457535       0.114939892046617       4.407033972974187E-003  6.730218054756666E-002  -3231.54895384388     
   7.42770258000224        17.8032075048451       -6.83560603730927       0.111831876513812       4.418729455840622E-003  6.748097533047803E-002  -3218.09781434992     
   7.43965812950871        17.6625346798928       -6.84436005400232       0.108610141958124       4.429052208046202E-003  6.764461766156779E-002  -3205.79646508373     
   7.45054356432812        17.5344540840305       -6.85199045791449       0.105252881073159       4.438113976661734E-003  6.779233679554729E-002  -3194.63800452614     
   7.46035410974899        17.4190229118734       -6.85860330980662       0.101735271320996       4.446012513553471E-003  6.792290730057252E-002  -3184.61584469549     
   7.46908546254187        17.3162940020342       -6.86428899639444       9.803261417789152E-002  4.452832906100610E-003  6.803466545059453E-002  -3175.72371611933     
   7.47673379284683        17.2263167048453       -6.86912171395733       9.412427600326746E-002  4.458648654400356E-003  6.812587872976339E-002  -3167.95563753186     
   7.48329574585344        17.1491374543681       -6.87315964033684       8.998257972788642E-002  4.463522482287043E-003  6.819556778980623E-002  -3161.30593626760     
   7.48876844327222        17.0847979519356       -6.87644692199727       8.549289263568910E-002  4.467506931695156E-003  6.824447703493119E-002  -3155.76946930183     
   7.49314948459722        17.0333295993153       -6.87901826238948       8.035201854112864E-002  4.470644827449574E-003  6.827547946560783E-002  -3151.34213187791     
   7.49643694815891        16.9947463153270       -6.88090484584539       7.435188336705705E-002  4.472969695684504E-003  6.829294200063776E-002  -3148.02146995734     
   7.49862939196713        16.9690419244503       -6.88213777614401       6.814810061556804E-002  4.474506177828107E-003  6.830146050850766E-002  -3145.80691144973     
   7.49972585434356        16.9561976550703       -6.88274539996026       6.560743559108986E-002  4.475270426321140E-003  6.830471933370261E-002  -3144.69919874939     
   7.50274019415727        16.9230123428879       -6.88442232567523       7.708636999228932E-002  4.477387740440875E-003  6.831175715391613E-002  -3141.87501159817     
   7.50712027464751        16.8741382608509       -6.88679522367744       8.398775504670634E-002  4.480436368726254E-003  6.831953456993117E-002  -3137.72101650812     
   7.51368078850939        16.7991933078778       -6.89023359221310       9.033491708647531E-002  4.484926522430583E-003  6.832828476068901E-002  -3131.34908460010     
   7.52241022637231        16.6977851850727       -6.89464635863846       9.612036887241099E-002  4.490762704637900E-003  6.833681435807148E-002  -3122.73625211180     
   7.53329327383598        16.5702630844882       -6.89992133938603       0.101460622923286       4.497823869191868E-003  6.834448507628445E-002  -3111.93267480550     
   7.54631083833706        16.4172489404148       -6.90591340786246       0.106527992577677       4.505968448011307E-003  6.835111180539527E-002  -3099.01740012652     
   7.56144008264403        16.2393020848250       -6.91245849043821       0.111491818575042       4.515040131294664E-003  6.835681298811362E-002  -3084.06660001754     
   7.57865446492142        16.0368841871900       -6.91939373107806       0.116487902915992       4.524874121044412E-003  6.836181576509884E-002  -3067.14967391998     
   7.59792378529322        15.8104464660002       -6.92657062015204       0.121608424334960       4.535303570069005E-003  6.836632722083252E-002  -3048.33657357080     
   7.61921423882374        15.5604945418979       -6.93386453672814       0.126901884259718       4.546165886367859E-003  6.837049364076084E-002  -3027.70292917656     
   7.64248847482295        15.2876142500263       -6.94118420825091       0.132378011669213       4.557308580830416E-003  6.837440471424580E-002  -3005.33149658350     
   7.66770566237227        14.9924821472553       -6.94847989495787       0.138015545546994       4.568594392804604E-003  6.837810944316000E-002  -2981.31220265882     
   7.69482156195587        14.6758728030728       -6.95574811107694       0.143771288943325       4.579905539039369E-003  6.838163151025091E-002  -2955.74198622874     
   7.72378860307185        14.3386645071030       -6.96303112447276       0.149588951202768       4.591147084663324E-003  6.838498094232494E-002  -2928.72466689729     
   7.75455596768701        13.9818423875883       -6.97040974114985       0.155406736645598       4.602249604212278E-003  6.838816184964805E-002  -2900.37083594310     
   7.78706967938900        13.6064972802128       -6.97798815330153       0.161163180877564       4.613171444802233E-003  6.839117700775535E-002  -2870.79771417928     
   7.82127269807927        13.2138179964554       -6.98587002091459       0.166801165989450       4.623900976537839E-003  6.839403018701846E-002  -2840.12887600632     
   7.85710502004076        12.8050738557635       -6.99412545302003       0.172270278177010       4.634459178336727E-003  6.839672696155696E-002  -2808.49368504386     
   7.89450378320486        12.3815836989095       -7.00274918642247       0.177527768581479       4.644902737532578E-003  6.839927450421945E-002  -2776.02623131115     
   7.93340337743278        11.9446674133237       -7.01161111322851       0.182538383941187       4.655327537620862E-003  6.840168071435763E-002  -2742.86351186410     
   7.97373555961808        11.4955766145590       -7.02040149440018       0.187273340195819       4.665871993549344E-003  6.840395292343807E-002  -2709.14256805390     
   8.01542957340825        11.0354028361302       -7.02857477425880       0.191708697003865       4.676719215871076E-003  6.840609638316235E-002  -2674.99629624757     
   8.05841227333536        10.5649645418243       -7.03529785106039       0.195823415656187       4.688096512855349E-003  6.840811271651459E-002  -2640.54770059397     
   8.10260825313813        10.0846784870278       -7.03941078338604       0.199597370316848       4.700270356639126E-003  6.840999852245007E-002  -2605.90246901097     
   8.14793997805009        9.59442616547885       -7.03940996618070       0.203009614185022       4.713534731154130E-003  6.841174432540663E-002  -2571.13994034461     
   8.19432792082192        9.09343184936700       -7.03346544005153       0.206037164604918       4.728190820710357E-003  6.841333408633025E-002  -2536.30279463428     
   8.24169070123926        8.58017438281561       -7.01948493577018       0.208654588332038       4.744516339319143E-003  6.841474548688077E-002  -2501.38614297956     
   8.28994522889130        8.05235971665369       -6.99523719170884       0.210834580399490       4.762723468621485E-003  6.841595120949770E-002  -2466.32710428370     
   8.33900684893952        7.50698433266071       -6.95854584574976       0.212549721826940       4.782905377277063E-003  6.841692139401995E-002  -2430.99642427710     
   8.38878949063112        6.94052050392345       -6.90756230996842       0.213775448716968       4.804972664880403E-003  6.841762741924598E-002  -2395.19417895537     
   8.43920581829630        6.34925180246231       -6.84112091053883       0.214494228106316       4.828582876378635E-003  6.841804705451845E-002  -2358.65207534178     
   8.49016738456476        5.72978040189106       -6.75917089215708       0.214700692302977       4.853068595703227E-003  6.841817093312429E-002  -2321.04521570230     
   8.54158478553241        5.07971475524510       -6.66326643788161       0.214407388956619       4.877372672932465E-003  6.841801012021560E-002  -2282.01631041865     
   8.59336781760621        4.39852532082582       -6.55707623474337       0.213650414792597       4.900002871211750E-003  6.841760438110218E-002  -2241.21497809824     
   8.64542563575190        3.68852487406438       -6.44684883310664       0.212494035855614       4.919022264215253E-003  6.841703049051744E-002  -2198.35374067173     
   8.69766691286708        2.95588809140982       -6.34174133801340       0.211032904196947       4.932095076398638E-003  6.841640968609033E-002  -2153.28032697998     
   8.75000000000000        2.21157442734876       -6.25389343932850       0.209390458286690       4.936608475150921E-003  6.841591304809810E-002  -2106.06287897591     
   8.80233308713292        1.47196695407244       -6.19811561952729       0.207711876537455       4.929886524903049E-003  6.841576335432975E-002  -2057.08071101681     
   8.85457436424810       0.759002130495247       -6.19107270938118       0.206150686075842       4.909500438519869E-003  6.841623170484828E-002  -2007.10902080329     
   8.90663218239379       9.956380340486834E-002  -6.24989312471390       0.204848867076262       4.873658200929865E-003  6.841762716292674E-002  -1957.38227128481     
   8.95841521446759      -0.476027403594931       -6.39022764081912       0.203912393112763       4.821628745567283E-003  6.842027772047407E-002  -1909.61917782301     
   9.00983261543524      -0.936463904829042       -6.62391196106732       0.203385878066462       4.754128347169037E-003  6.842450140032728E-002  -1865.99342135420     
   9.06079418170370       -1.25267190636701       -6.95652955946601       0.203232545708383       4.673581360571776E-003  6.843056719845661E-002  -1829.03916131091     
   9.11121050936888       -1.40140491431642       -7.38527710630142       0.203326075205941       4.584175913911601E-003  6.843864724627574E-002  -1801.48877634681     
   9.16099315106048       -1.36863188527893       -7.89755086002971       0.203460456778586       4.491672776052929E-003  6.844876372658158E-002  -1786.05079874871     
   9.21005477110870       -1.15209494804490       -8.47056146190458       0.203379562704443       4.402984446093544E-003  6.846073668262218E-002  -1785.14628637345     
   9.25830929876074      -0.762547110937902       -9.07206307138510       0.202823756642131       4.325600545703983E-003  6.847414075688740E-002  -1800.62943062855     
   9.30567207917808      -0.223472876866115       -9.66202520030788       0.201584504240078       4.266970240961191E-003  6.848827963601263E-002  -1833.52083823024     
   9.35206002194991       0.430552647352694       -10.1948943749686       0.199556432086329       4.233948111546318E-003  6.850218542436888E-002  -1883.77938694226     
   9.39739174686187        1.15642708010063       -10.6220693576723       0.196775477611285       4.232371001416878E-003  6.851464737339652E-002  -1950.13237639563     
   9.44158772666464        1.90544770762587       -10.8943499773460       0.193437491540810       4.266779641551228E-003  6.852427063926651E-002  -2029.97746514094     
   9.48457042659176        2.62610749232783       -10.9643211032265       0.189894282552081       4.340252863881370E-003  6.852956335654899E-002  -2119.36680948416     
   9.52626444038192        3.26645673598555       -10.7887708456522       0.186630354236982       4.454297031690369E-003  6.852904806094411E-002  -2213.08505834584     
   9.56659662256722        3.77595075111524       -10.3312270380584       0.184221935034970       4.608728538780659E-003  6.852139210498709E-002  -2304.83548177569     
   9.60549621679514        4.10687553149058       -9.56454307876817       0.183283834998771       4.801493642590883E-003  6.850554755198840E-002  -2387.54715790132     
   9.64289497995924        4.21552328246917       -8.47327513477174       0.184405517344196       5.028377588736876E-003  6.848088702996447E-002  -2453.80589366243     
   9.67872730192073        4.06328890328035       -7.05549500949554       0.188085046707888       5.282559472007976E-003  6.844731606479808E-002  -2496.39209019145     
   9.71293032061100        3.61782147659140       -5.32374624069545       0.194665383525847       5.553974693901648E-003  6.840534190722063E-002  -2508.88527064644     
   9.74544403231299        2.85434014108285       -3.30505090738714       0.204288070656144       5.828467720080349E-003  6.835607903474435E-002  -2486.27591336671     
   9.77621139692815        1.75723673438437       -1.04011469045064       0.216868589309454       6.086781504198946E-003  6.830118121000935E-002  -2425.51735996640     
   9.80517843804413       0.322124746147865        1.41794754967313       0.232108434625538       6.303577083546066E-003  6.824269806091494E-002  -2325.95526882540     
   9.83229433762773       -1.44150662647455        4.00499963134160       0.249535627328578       6.446946517633668E-003  6.818287524381898E-002  -2189.58484780252     
   9.85751152517705       -3.50702632662908        6.64713614929081       0.268582066250788       6.479258486182586E-003  6.812392889413747E-002  -2021.09895278354     
   9.88078576117626       -5.82722042779516        9.26186071487730       0.288666652488175       6.360489274794076E-003  6.806785010628252E-002  -1827.69580927454     
   9.90207621470678       -8.33190080937812        11.7598029301944       0.309292316630291       6.055056489396448E-003  6.801628525105743E-002  -1618.61292621715     
   9.92134553507858       -10.9286522421690        14.0483048428536       0.330094873344538       5.542141785867081E-003  6.797055606337155E-002  -1404.36048797150     
   9.93855991735597       -13.5092515786509        16.0386261756900       0.350832308658190       4.827507884389163E-003  6.793188838599151E-002  -1195.70378389610     
   9.95368916166294       -15.9643635261466        17.6577056183751       0.370941491655020       3.952592785977909E-003  6.790219092303501E-002  -1002.70865333586     
   9.96670672616402       -18.2075346795635        18.8631715013345       0.388013146639426       2.995414452752607E-003  6.788588640796518E-002  -834.473170670971     
   9.97758977362769       -20.1988659959554        19.6582266820262       0.393789764827188       2.058739337527754E-003  6.789282238050090E-002  -699.535375189883     
   9.98631921149061       -21.9400703404540        20.1002705134106       0.367425723765815       1.245296734043557E-003  6.793905924851236E-002  -604.997467791096     
   9.99287972535249       -23.4209515992315        20.2918056189160       0.262160196873908       6.281450128920023E-004  6.804156469660386E-002  -552.370933281849     
   9.99725980584273       -24.5554766368027        20.3473070895582       0.118217392515250       2.327577426043643E-004  6.819658126341280E-002  -533.008366683229     
   9.99945176881179       -25.1873547605012        20.3539552013616       5.379266152561717E-002  4.561365392697901E-005  6.833029393062809E-002  -530.232311802832     
