  5.482311882135105E-004   74.5960346508207      -0.702474098149387        19.6160036853304      -4.509196329754295E-035  1.254133165504560E-032  -2758.06632335329     
  2.740194157273279E-003   74.6754479515582      -0.702465025629649      -3.475757985142615E-003 -2.245664407810898E-034  6.471117293479889E-032  -2761.48930818195     
  7.120274647511096E-003   74.8408021335310      -0.702385873270446      -1.697797050893730E-003 -5.766505087393814E-034  1.845135773973253E-031  -2774.22742618500     
  1.368078850938578E-002   75.0875573113043      -0.702114356032163      -4.701049090402803E-004 -1.090858757563083E-033  4.082211779040246E-031  -2792.59215085798     
  2.241022637230590E-002   75.4160504490140      -0.701460968502251       7.486149161695262E-004 -1.748383277639038E-033  8.096406321143949E-031  -2817.46040532500     
  3.329327383597702E-002   75.8246986270644      -0.700172303103689       1.802204090907664E-003 -2.529287684777300E-033  1.534218530417913E-030  -2848.34477745117     
  4.631083833706355E-002   76.3122100219152      -0.697932200841931       2.807646740169169E-003 -3.412507120211134E-033  2.873180947510765E-030  -2885.54791565448     
  6.144008264403235E-002   76.8759149958296      -0.694372960046543       3.716858430879457E-003 -4.360425764714226E-033  5.420007169099556E-030  -2928.75022491136     
  7.865446492141721E-002   77.5125832810552      -0.689091773825607       4.571598008996397E-003 -5.320381471369739E-033  1.041643166781294E-029  -2978.01043928117     
  9.792378529321730E-002   78.2174820399227      -0.681666875033906       5.342897525137735E-003 -6.295383505715777E-033  2.052407384970064E-029  -3032.94148719147     
  0.119214238823741        78.9847960451537      -0.671696374309165       6.044680875298343E-003 -7.216218760375924E-033  4.160122620552641E-029  -3093.35748441221     
  0.142488474822952        79.8071126284109      -0.658814537648436       6.653796920999952E-003 -8.088905766426391E-033  8.686968135550440E-029  -3158.68630895493     
  0.167705662372269        80.6758190064100      -0.642758841806967       7.172862098273112E-003 -8.877333337409915E-033  1.869535919932500E-028  -3228.47173548813     
  0.194821561955871        81.5809968590991      -0.623374225111271       7.583923016848082E-003 -9.557427349021658E-033  4.145901603787951E-028  -3301.91809992526     
  0.223788603071846        82.5120039375346      -0.600697010510042       7.888066518608999E-003 -1.012316927018541E-032  9.469918621429537E-028  -3378.33483068990     
  0.254555967687008        83.4577229255972      -0.574920255217811       8.075616743753294E-003 -9.750020343460382E-033  2.226795808274842E-027  -3456.77152062200     
  0.287069679389002        84.4073096630657      -0.546465292646068       8.152980767266534E-003 -1.172409853645730E-032  5.387451006279156E-027  -3536.43622283879     
  0.321272698079270        85.3505579124098      -0.515887966981425       8.121313248990875E-003  8.594462376828040E-033  1.340291346346218E-026  -3616.38798875227     
  0.357105020040764        86.2785828065746      -0.483922207656031       7.995179905612913E-003 -6.284550149778599E-032  3.426597545512696E-026  -3695.92226439624     
  0.394503783204860        87.1839868195525      -0.451343697032142       7.785783941733715E-003  3.109534265834716E-031  8.996693975393606E-026  -3774.28706920130     
  0.433403377432783        88.0612540837082      -0.419001082092170       7.514203658017831E-003 -9.746168483571607E-031  2.423983956090340E-025  -3851.01655384246     
  0.473735559618085        88.9065643795219      -0.387679407184769       7.197738720266274E-003  4.096368732276584E-030  6.696347548692535E-025  -3925.65046027434     
  0.515429573408246        89.7178739967405      -0.358142854311878       6.859826713941486E-003 -1.175580415816677E-029  1.894875679393525E-024  -3998.00922425865     
  0.558412273335357        90.4944589599181      -0.331029919122620       6.519140257392786E-003  4.161193126792228E-029  5.486506439986390E-024  -4067.91762316455     
  0.602608253138127        91.2368273809001      -0.306915050446198       6.197598998990280E-003 -1.098737736965571E-028  1.623479864744207E-023  -4135.43129486082     
  0.647939978050086        91.9461803822275      -0.286241637171933       5.911942074044751E-003  3.503450013667585E-028  4.903091207160146E-023  -4200.57763117292     
  0.694327920821916        92.6243223307738      -0.269393556738739       5.680533787036914E-003 -8.454371677120771E-028  1.509133206525176E-022  -4263.54937277266     
  0.741690701239265        93.2731896664477      -0.256655666743717       5.516943102723936E-003  2.553359666485077E-027  4.726758816918279E-022  -4324.47473646954     
  0.789945228891301        93.8948504799999      -0.248282688905537       5.435779474748726E-003 -5.541869577950093E-027  1.504041293029609E-021  -4383.58980069698     
  0.839006848939523        94.4911601673383      -0.244474398767819       5.447735645487958E-003  1.673171915617607E-026  4.853852132015167E-021  -4441.04257156838     
  0.888789490631117        95.0638604994971      -0.245434285231461       5.564527190572781E-003 -3.115517983319769E-026  1.585878409239331E-020  -4497.04943308291     
  0.939205818296299        95.6143512462397      -0.251350616618009       5.794929811313645E-003  1.027580466384501E-025  5.236352913042068E-020  -4551.73140721593     
  0.990167384564762        96.1438548784216      -0.262443441588893       6.148897288377810E-003 -1.431509896536888E-025  1.744039078539758E-019  -4605.25559858968     
   1.04158478553241        96.6532649780403      -0.278946738065582       6.634246560601629E-003  6.270196977756568E-025  5.848467199644557E-019  -4657.69881195798     
   1.09336781760621        97.1433349958463      -0.301146046418330       7.260067331304252E-003 -3.902743315646670E-025  1.970898687912380E-018  -4709.17336857047     
   1.14542563575190        97.6145653956235      -0.329358816775737       8.033803641198904E-003  4.138652983660268E-024  6.661971881520517E-018  -4759.71289567566     
   1.19766691286708        98.0673860821845      -0.363966294150206       8.964091697548689E-003  2.162477549033743E-024  2.254421678047528E-017  -4809.38204391636     
   1.25000000000000        98.5020570520905      -0.405389294480034       1.005803867220930E-002  3.215378979387955E-023  7.623332794664477E-017  -4858.18023063633     
   1.30233308713292        98.9188291636595      -0.454118060057275       1.132363213838971E-002  5.724458185512397E-023  2.571106697970330E-016  -4906.13548298816     
   1.35457436424810        99.3178458786436      -0.510679861345070       1.276703791958271E-002  2.981430391939938E-022  8.632927686110797E-016  -4953.22314304260     
   1.40663218239379        99.6992785226854      -0.575670376872817       1.439472942015715E-002  7.987179151753583E-022  2.880482667580460E-015  -4999.44464462152     
   1.45841521446759        100.063225023730      -0.649708309387817       1.621063335818672E-002  3.088285675794088E-021  9.533660831897182E-015  -5044.75919223087     
   1.50983261543524        100.409822254062      -0.733471889199087       1.821814209335028E-002  9.550154509168101E-021  3.124434200172321E-014  -5089.14854994927     
   1.56079418170370        100.739141491018      -0.827634376721049       2.041694138869237E-002  3.305147434729396E-020  1.012147664329958E-013  -5132.56040465413     
   1.61121050936888        101.051283315325      -0.932909663810435       2.280509861766733E-002  1.057489057940276E-019  3.235445733811372E-013  -5174.96024442474     
   1.66099315106048        101.346270531595       -1.04996127596178       2.537541891221490E-002  3.466213775176226E-019  1.018858106223565E-012  -5216.28561723983     
   1.71005477110870        101.624132651292       -1.17946173726587       2.811784745837604E-002  1.096862572739071E-018  3.155498654113589E-012  -5256.48602197301     
   1.75830929876073        101.884797030539       -1.32196678189593       3.101522773714492E-002  3.448100803595148E-018  9.596156765221759E-012  -5295.48775059029     
   1.80567207917808        102.128172141963       -1.47799421961440       3.404631723219174E-002  1.056978516744671E-017  2.860982059866763E-011  -5333.22250771144     
   1.85206002194991        102.354038007532       -1.64785521256620       3.718087464542549E-002  3.179768052799233E-017  8.349286159713141E-011  -5369.60316138091     
   1.89739174686187        102.562141431201       -1.83176024043862       4.038366853912705E-002  9.325615147561210E-017  2.381438143798265E-010  -5404.54157005800     
   1.94158772666464        102.752087769854       -2.02960185439234       4.360891014914384E-002  2.666765025295205E-016  6.628843876771597E-010  -5437.93651469403     
   1.98457042659175        102.923466690372       -2.24109892310896       4.680573629534149E-002  7.411228638683987E-016  1.798069029710761E-009  -5469.68080085435     
   2.02626444038192        103.075747526260       -2.46553209765002       4.991212222289965E-002  1.998783582367187E-015  4.745899889289176E-009  -5499.66392945612     
   2.06659662256722        103.208457722178       -2.70194361832668       5.286242091387444E-002  5.219309135244388E-015  1.217176319765685E-008  -5527.76750991586     
   2.10549621679514        103.321079403462       -2.94883842889117       5.558095924829103E-002  1.317249241755411E-014  3.029011205081765E-008  -5553.88662909271     
   2.14289497995924        103.413297903298       -3.20446344129332       5.799222337022373E-002  3.206980455369050E-014  7.303861363040981E-008  -5577.91016601005     
   2.17872730192073        103.484882451271       -3.46649914809016       6.001416362093846E-002  7.518977684590121E-014  1.704160574869752E-007  -5599.76595037959     
   2.21293032061100        103.536003421866       -3.73244077222902       6.157137754616995E-002  1.694840547393861E-013  3.842162982564303E-007  -5619.37801466980     
   2.24544403231299        103.567056313947       -3.99930483503198       6.258747572107878E-002  3.667272441233371E-013  8.359112290331016E-007  -5636.74161056181     
   2.27621139692815        103.579020353609       -4.26411235825470       6.300113879524288E-002  7.606364119728452E-013  1.752542603937688E-006  -5651.84330973380     
   2.30517843804413        103.573169397525       -4.52361136984027       6.275572530888589E-002  1.510298466006717E-012  3.535986325511332E-006  -5664.77438310410     
   2.33229433762773        103.551436517879       -4.77482014326722       6.181792846350499E-002  2.867339234320894E-012  6.855864505126003E-006  -5675.59429935192     
   2.35751152517705        103.515972329520       -5.01473318947103       6.016155166217022E-002  5.199498136894915E-012  1.275446689348202E-005  -5684.49745038254     
   2.38078576117626        103.469511428214       -5.24085114032586       5.778977665426138E-002  8.996899031664488E-012  2.272676936354672E-005  -5691.59755845547     
   2.40207621470678        103.414781582446       -5.45083149573292       5.470876853430403E-002  1.484187779501411E-011  3.870764777256709E-005  -5697.17402527422     
   2.42134553507858        103.354921704391       -5.64294497505998       5.095843582903573E-002  2.332177959938274E-011  6.285864340036504E-005  -5701.35020858284     
   2.43855991735597        103.292763353637       -5.81566736253163       4.656841115757096E-002  3.487157221818696E-011  9.706765801384581E-005  -5704.46127005616     
   2.45368916166294        103.231394010024       -5.96804591638555       4.161098008827444E-002  4.955434978714622E-011  1.421355634909949E-004  -5706.58248630468     
   2.46670672616402        103.173278326346       -6.09924770986495       3.611990282525084E-002  6.683434054653187E-011  1.968887154371757E-004  -5708.08925352771     
   2.47758977362769        103.121117985569       -6.20875274624247       3.020505366074806E-002  8.546013645001008E-011  2.575646943767796E-004  -5708.93950069189     
   2.48631921149061        103.076625211592       -6.29581960891376       2.385823535152758E-002  1.035928173762417E-010  3.180944382055454E-004  -5709.58471819172     
   2.49287972535249        103.042051174157       -6.35992423836649       1.733177978633360E-002  1.192008554595722E-010  3.711966549986311E-004  -5709.72528489845     
   2.49725980584273        103.017802958159       -6.40120415202839       9.653027425542887E-003  1.305435748196330E-010  4.103509786462676E-004  -5710.16760639327     
   2.49945176881179        103.007536605644       -6.42109667919821       3.426920490320205E-003  1.364767145776249E-010  4.306525325127004E-004  -5708.74290375749     
   2.50137060803287        102.999484591453       -6.43988168232191       5.402009188902613E-003  1.421435026007763E-010  4.489480988990956E-004  -5709.71535912218     
   2.50356305184109        102.987586153884       -6.46184627917268       8.792133103613623E-003  1.489905863104738E-010  4.708249302956314E-004  -5710.10792887742     
   2.50685051540278        102.968861963020       -6.49475350218027       1.244195073269634E-002  1.598480309977198E-010  5.045328588269400E-004  -5710.11876893138     
   2.51123155672778        102.943498367670       -6.53854413476699       1.613091900560881E-002  1.754905711374821E-010  5.506877914140688E-004  -5710.16302823797     
   2.51670425414656        102.911009119983       -6.59313726769953       1.990734037679931E-002  1.970792723111297E-010  6.099916052735005E-004  -5710.13537704715     
   2.52326620715317        102.870921586108       -6.65841403717099       2.377400977956014E-002  2.262940873101307E-010  6.830474526711616E-004  -5710.02390457890     
   2.53091453745813        102.822619107042       -6.73421522369067       2.774910463787032E-002  2.655322849663526E-010  7.703685053439712E-004  -5709.76711999942     
   2.53964589025101        102.765415407939       -6.82032590217180       3.184274421682336E-002  3.182020118133752E-010  8.723515943489317E-004  -5709.31837570262     
   2.54945643567188        102.698520579652       -6.91646781947653       3.606802014579685E-002  3.891550510876549E-010  9.892941835700384E-004  -5708.61145338838     
   2.56034187049129        102.621071290669       -7.02228340399695       4.043465803715479E-002  4.853247027515162E-010  1.121397544995341E-003  -5707.58266547038     
   2.57229741999776        102.532124345191       -7.13732561017042       4.495237435465856E-002  6.166668796718226E-010  1.268785985212754E-003  -5706.15780705449     
   2.58531784009214        102.430678963179       -7.26104249236537       4.962825650919855E-002  7.975495597013708E-010  1.431515746186096E-003  -5704.26316712822     
   2.59939741958784        102.315683595907       -7.39276757742314       5.446792487994218E-002  1.048803607907144E-009  1.609590567263076E-003  -5701.82003432376     
   2.61452998271597        102.186059091142       -7.53170786578783       5.947410166254086E-002  1.400744239481270E-009  1.802969459350420E-003  -5698.75181440255     
   2.63070889183421        102.040714442439       -7.67693871714277       6.464696856322258E-002  1.897605458135549E-009  2.011577694078771E-003  -5694.98211935257     
   2.64792705033828        101.878572701605       -7.82739922377851       6.998325754936210E-002  2.604007969602830E-009  2.235312221037723E-003  -5690.44026760612     
   2.66617690577482        101.698592066062       -7.98189593663334       7.547633601664419E-002  3.614309315734384E-009  2.474048939966588E-003  -5685.06126245436     
   2.68545045315406        101.499792454373       -8.13910937836432       8.111565498275194E-002  5.065961390629891E-009  2.727646103966656E-003  -5678.79030881524     
   2.70573923846112        101.281276864355       -8.29760974269067       8.688684590797141E-002  7.158309641734242E-009  2.995948959302696E-003  -5671.58356299560     
   2.72703436236422        101.042253819382       -8.45587624664478       9.277151838553924E-002  1.017857705157287E-008  3.278791727329937E-003  -5663.41156528779     
   2.74932648411821        100.782052857113       -8.61232488707611       9.874753660525627E-002  1.453702830134578E-008  3.576000486287762E-003  -5654.25981317330     
   2.77260582566172        100.500137373861       -8.76533867306033       0.104789176010998       2.081343221060512E-008  3.887394228197785E-003  -5644.13074048830     
   2.79686217590615        100.196109095613       -8.91330354861858       0.110867644650801       2.981684943943311E-008  4.212786601681659E-003  -5633.04338679097     
   2.82208489521462        99.8697078609570       -9.05464383749780       0.116951556828871       4.266039991117834E-008  4.551986396921529E-003  -5621.03366412180     
   2.84826292006882        99.5208032649768       -9.18785944210783       0.123007662928026       6.085197237518259E-008  4.904798566266749E-003  -5608.15279735535     
   2.87538476792185        99.1493818883656       -9.31155900916103       0.129001531150138       8.640085763758247E-008  5.271024373069373E-003  -5594.46598220355     
   2.90343854223486        98.7555286088068       -9.42449106872735       0.134898374673174       1.219391009299485E-007  5.650461964245569E-003  -5580.04975612146     
   2.93241193769525        98.3394057222368       -9.52556840301063       0.140663794093497       1.708551425444998E-007  6.042906335124829E-003  -5564.98954370546     
   2.96229224561419        97.9012296028298       -9.61388797357911       0.146264566005144       2.374362146628779E-007  6.448149631718960E-003  -5549.37648761436     
   2.99306635950107        97.4412481842577       -9.68874302010817       0.151669306931265       3.270151857419440E-007  6.865981027002435E-003  -5533.30459402429     
   3.02472078081245        96.9597194052032       -9.74963009336010       0.156849111107301       4.461171827611611E-007  7.296186866642388E-003  -5516.86767439814     
   3.05724162487296        96.4568930121268       -9.79624886697654       0.161778040756174       6.026014666394627E-007  7.738550514694354E-003  -5500.15676960288     
   3.09061462696557        95.9329956857346       -9.82849768583979       0.166433550738247       8.057945858234937E-007  8.192852414563075E-003  -5483.25773405361     
   3.12482514858856        95.3882208228578       -9.84646354662158       0.170796765151608       1.066611744316762E-006  8.658869937900653E-003  -5466.24939694358     
   3.15985818387649        94.8227225321591       -9.85040931700039       0.174852676925288       1.397664333381050E-006  9.136377405297821E-003  -5449.20207001108     
   3.19569836618223        94.2366142406365       -9.84075734653859       0.178590216086742       1.813352632402104E-006  9.625145956818374E-003  -5432.17662331349     
   3.23232997481729        93.6299711178341       -9.81807186945039       0.182002247886701       2.329943489493821E-006  1.012494355933365E-002  -5415.22394069077     
   3.26973694194743        93.0028360784121       -9.78303954428843       0.185085465274926       2.965633412295635E-006  1.063553490753603E-002  -5398.38485008979     
   3.30790285964057        92.3552284103277       -9.73645002852172       0.187840226956303       3.740597687944210E-006  1.115668143351367E-002  -5381.69036540630     
   3.34681098706380        91.6871544774067       -9.67917600537318       0.190270317673794       4.677026152247486E-006  1.168814124116382E-002  -5365.16226616622     
   3.38644425782651        90.9986195831410       -9.61215408844710       0.192382672454132       5.799145833224580E-006  1.222966912631337E-002  -5348.81387342093     
   3.42678528746625        90.2896403909991       -9.53636606889757       0.194187049448615       7.133230289719511E-006  1.278101654384629E-002  -5332.65102078002     
   3.46781638107414        89.5602571684440       -9.45282154683158       0.195695684746536       8.707594817745014E-006  1.334193164198425E-002  -5316.67310072063     
   3.50951954105644        88.8105453578525       -9.36254146950179       0.196922919282939       1.055257626784454E-005  1.391215925932803E-002  -5300.87418370651     
   3.55187647502887        88.0406259892745       -9.26654332737914       0.197884824194807       1.270049569107528E-005  1.449144097395501E-002  -5285.24411093127     
   3.59486860384028        87.2506746182617       -9.16582759664164       0.198598818568630       1.518560189654698E-005  1.507951512647202E-002  -5269.76957067846     
   3.63847706972207        86.4409285570939       -9.06136596021230       0.199083300012873       1.804399384475582E-005  1.567611688284257E-002  -5254.43507665738     
   3.68268274455984        85.6116922686354       -8.95409095547126       0.199357284463258       2.131352010647999E-005  1.628097827917654E-002  -5239.22387635663     
   3.72746623828359        84.7633409085605       -8.84488740866519       0.199440070459370       2.503365388536272E-005  1.689382829633761E-002  -5224.11872064719     
   3.77280790737286        83.8963220360116       -8.73458534674319       0.199350925565845       2.924534281578559E-005  1.751439292235943E-002  -5209.10254139753     
   3.81868786347303        83.0111556380596       -8.62395460506311       0.199108805437049       3.399083334997906E-005  1.814239523665881E-002  -5194.15897579188     
   3.86508598211901        82.1084325842054       -8.51370084634976       0.198732103492648       3.931347051478531E-005  1.877755548650512E-002  -5179.27280103409     
   3.91198191156250        81.1888117529046       -8.40446309239578       0.198238437362076       4.525747457496528E-005  1.941959117886696E-002  -5164.43022011966     
   3.95935508169891        80.2530159851968       -8.29681249750159       0.197644469745858       5.186769715315592E-005  2.006821716811157E-002  -5149.61907664390     
   4.00718471309012        79.3018271480967       -8.19125237372641       0.196965766031762       5.918936007009878E-005  2.072314575395257E-002  -5134.82893628445     
   4.05544982607902        78.3360804531551       -8.08821920941344       0.196216685802374       6.726778103641396E-005  2.138408677837224E-002  -5120.05112476284     
   4.10412924999188        77.3566583121802       -7.98808462779307       0.195410307461250       7.614809084045932E-005  2.205074772865245E-002  -5105.27865256426     
   4.15320163242450        76.3644838321511       -7.89115804659326       0.194558382786408       8.587494726824462E-005  2.272283384227595E-002  -5090.50612636151     
   4.20264544860809        75.3605142065311       -7.79768995074285       0.193671318372264       9.649225122290502E-005  2.340004821449670E-002  -5075.72956657645     
   4.25243901085073        74.3457340437297       -7.70787556926194       0.192758180864894       1.080428707810287E-004  2.408209191061206E-002  -5060.94624046671     
   4.30256047805033        73.3211488567303       -7.62185885882849       0.191826721540898       1.205683788780554E-004  2.476866407790607E-002  -5046.15441661593     
   4.35298786527485        72.2877786885357       -7.53973662492390       0.190883417726618       1.341088103011016E-004  2.545946206517912E-002  -5031.35315996589     
   4.40369905340561        71.2466520674478       -7.46156269185744       0.189933525928591       1.487024434254170E-004  2.615418153917864E-002  -5016.54205761620     
   4.45467179883948        70.1988002044518       -7.38735199767849       0.188981145188455       1.643856119335271E-004  2.685251661166938E-002  -5001.72100546829     
   4.50588374324565        69.1452516065891       -7.31708454431203       0.188029285368169       1.811925514454971E-004  2.755415996070630E-002  -4986.88992856849     
   4.55731242337272        68.0870269637810       -7.25070912391910       0.187079940168532       1.991552857435477E-004  2.825880296590328E-002  -4972.04857804355     
   4.60893528090186        67.0251344751228       -7.18814677350132       0.186134159690829       2.183035570487595E-004  2.896613583518591E-002  -4957.19625852896     
   4.66072967234160        65.9605654251305       -7.12929391921789       0.185192123747846       2.386648046648816E-004  2.967584774935215E-002  -4942.33164418529     
   4.71267287896005        64.8942901799594       -7.07402518141477       0.184253210896180       2.602641963325843E-004  3.038762699532227E-002  -4927.45251659170     
   4.76474211675004        63.8272543731956       -7.02219583574180       0.183316065801504       2.831247167611020E-004  3.110116112160035E-002  -4912.55560057935     
   4.81691454642296        62.7603754656555       -6.97364391536053       0.182378659995034       3.072673182789275E-004  3.181613707945304E-002  -4897.63630881420     
   4.86916728342686        61.6945394120840       -6.92819197790845       0.181438350012641       3.327111391252540E-004  3.253224139130341E-002  -4882.68859226638     
   4.92147740798430        60.6305976433166       -6.88564853216517       0.180491927942563       3.594737960558684E-004  3.324916030139031E-002  -4867.70468276626     
   4.97382197514580        59.5693640639285       -6.84580917460260       0.179535669789294       3.875717591900204E-004  3.396657995891597E-002  -4852.67494937040     
   5.07852259201570        57.4580729386742       -6.77336544912445       0.177576415130073       4.478366581892044E-004  3.540166663931326E-002  -4822.42867316772     
   5.13083271657314        56.4094308543112       -6.74029436638753       0.176563753505256       4.800355415865921E-004  3.611870705035716E-002  -4807.18146629757     
   5.18308545357704        55.3663226220951       -6.70899480052647       0.175521999703368       5.136351452060666E-004  3.683499536028897E-002  -4791.82665669199     
   5.23525788324996        54.3293340607450       -6.67920718133181       0.174445438711315       5.486555423490161E-004  3.755021992094505E-002  -4776.34184086724     
   5.28732712103995        53.2989977848289       -6.65066230013221       0.173328078918984       5.851203718325203E-004  3.826407008900071E-002  -4760.70139873810     
   5.33927032765839        52.2757912029722       -6.62308208925442       0.172163702707281       6.230582121972172E-004  3.897623636520837E-002  -4744.87615169805     
   5.39106471909814        51.2601347008005       -6.59618089594581       0.170945934998748       6.625041837593954E-004  3.968641056091234E-002  -4728.83321160563     
   5.44268757662728        50.2523906849128       -6.56966736244581       0.169668324068017       7.035017944598350E-004  4.039428587446066E-002  -4712.53564697729     
   5.49411625675436        49.2528633009825       -6.54324723996081       0.168324450785407       7.461050309984770E-004  4.109955698020885E-002  -4695.94238909311     
   5.54532820116052        48.2617997050672       -6.51662725449679       0.166908058874281       7.903806753273237E-004  4.180191999499590E-002  -4679.00796340024     
   5.59630094659439        47.2793927780894       -6.48952038777029       0.165413223527234       8.364107913926236E-004  4.250107244368718E-002  -4661.68252966838     
   5.64701213472515        46.3057863334949       -6.46165261896637       0.163834546657880       8.842952822773050E-004  4.319671307501324E-002  -4643.91176942067     
   5.69743952194967        45.3410826882622       -6.43277143504227       0.162167394873997       9.341543574911482E-004  4.388854167641727E-002  -4625.63717066457     
   5.74756098914927        44.3853536757551       -6.40265594463177       0.160408160283049       9.861306841772732E-004  4.457625873134458E-002  -4606.79619173771     
   5.79735455139191        43.4386547289120       -6.37112870912148       0.158554555853228       1.040390921519820E-003  4.525956510276195E-002  -4587.32292369958     
   5.84679836757550        42.5010428782638       -6.33806874297142       0.156605913254445       1.097126273536460E-003  4.593816158260121E-002  -4567.14866103402     
   5.89587075000812        41.5725977339468       -6.30342546910394       0.154563488554906       1.156551642106279E-003  4.661174852940023E-002  -4546.20306842880     
   5.94455017392098        40.6534457572922       -6.26723256828044       0.152430729599511       1.218902946360199E-003  4.728002542882766E-002  -4524.41526010280     
   5.99281528690988        39.7437860452703       -6.22962114773202       0.150213505814822       1.284432195029182E-003  4.794269063401182E-002  -4501.71554373405     
   6.04064491830109        38.8439172138874       -6.19083066750399       0.147920242741816       1.353399983718925E-003  4.859944110825032E-002  -4478.03702700411     
   6.08801808843750        37.9542626893202       -6.15121685052894       0.145561964649738       1.426065226512868E-003  4.924997245125404E-002  -4453.31789977285     
   6.13491401788099        37.0753933966063       -6.11125473596170       0.143152183764916       1.502672143206412E-003  4.989397900882150E-002  -4427.50344713732     
   6.18131213652697        36.2080445334856       -6.07153628805250       0.140706654298160       1.583434776354915E-003  5.053115435601270E-002  -4400.54867088647     
   6.22719209262714        35.3531253342613       -6.03276085532880       0.138242936978063       1.668519617396261E-003  5.116119191854678E-002  -4372.42041489679     
   6.27253376171641        34.5117185577002       -5.99571863035590       0.135779821176681       1.758027220187631E-003  5.178378601053792E-002  -4343.09995376944     
   6.31731725544016        33.6850693533244       -5.96126604522740       0.133336567408712       1.851973975227232E-003  5.239863300376348E-002  -4312.58477710748     
   6.36152293027793        32.8745611894665       -5.93029456933897       0.130932057242761       1.950275429415008E-003  5.300543286858023E-002  -4280.89064675607     
   6.40513139615972        32.0816801877915       -5.90369289385541       0.128583833700725       2.052732668049702E-003  5.360389074191005E-002  -4248.05250937641     
   6.44812352497113        31.3079673384689       -5.88230565340895       0.126307161161534       2.159023242454662E-003  5.419371870370958E-002  -4214.12551499469     
   6.49048045894356        30.5549622883816       -5.86688973774931       0.124114098350183       2.268697956841564E-003  5.477463737019975E-002  -4179.18459957688     
   6.53218361892586        29.8241402740347       -5.85807285881962       0.122012742916353       2.381184455906693E-003  5.534637743130191E-002  -4143.32412056947     
   6.57321471253375        29.1168480828074       -5.85631581047921       0.120006625286873       2.495798062478829E-003  5.590868074935928E-002  -4106.65590275508     
   6.61355574217349        28.4342419860367       -5.86188368449866       0.118094413414719       2.611759676487047E-003  5.646130113063542E-002  -4069.30747575040     
   6.65318901293620        27.7772343973414       -5.87482646681072       0.116269853342197       2.728219907421908E-003  5.700400448922893E-002  -4031.41875866385     
   6.69209714035943        27.1464517677092       -5.89497349096829       0.114522083163665       2.844287973661320E-003  5.753656854094725E-002  -3993.13928503982     
   6.73026305805257        26.5422092154790       -5.92193964608332       0.112836163634975       2.959063438190366E-003  5.805878193806378E-002  -3954.62407925806     
   6.76767002518271        25.9645019126833       -5.95514603713265       0.111193932645591       3.071668537094948E-003  5.857044299825991E-002  -3916.03056411787     
   6.80430163381777        25.4130157175784       -5.99384980582499       0.109574943278698       3.181278840857290E-003  5.907135816684744E-002  -3877.51438921320     
   6.84014181612351        24.8871536115168       -6.03718428325874       0.107957589409295       3.287150164219734E-003  5.956134028530068E-002  -3839.22679190581     
   6.87517485141144        24.3860772174025       -6.08420169491442       0.106320120910389       3.388640093185630E-003  6.004020701940516E-002  -3801.31107990280     
   6.90938537303443        23.9087573618964       -6.13391957320064       0.104641698927703       3.485223035961421E-003  6.050777928438837E-002  -3763.90102639270     
   6.94275837512703        23.4540311878983       -6.18536216198568       0.102903166823065       3.576498379248191E-003  6.096388022635569E-002  -3727.11842598914     
   6.97527921918755        23.0206593398507       -6.23759978649220       0.101087779916507       3.662191911690359E-003  6.140833420857803E-002  -3691.07275112029     
   7.00693364049893        22.6073809339721       -6.28977781228901       9.918155237062330E-002  3.742151241955603E-003  6.184096662675655E-002  -3655.85984009443     
   7.03770775438581        22.2129614966604       -6.34114107939023       9.717358143828093E-002  3.816336276431390E-003  6.226160349907637E-002  -3621.56268849004     
   7.06758806230475        21.8362329708649       -6.39104601356720       9.505596669908938E-002  3.884806081970892E-003  6.267007206008965E-002  -3588.25104860309     
   7.09656145776514        21.4761237053664       -6.43896922370506       9.282380844169537E-002  3.947703464150326E-003  6.306620071223179E-002  -3555.98300119285     
   7.12461523207815        21.1316787595952       -6.48450467048560       9.047481434773115E-002  4.005238560186677E-003  6.344982015932979E-002  -3524.80513076832     
   7.15173707993118        20.8020712070372       -6.52736049042645       8.800913134932969E-002  4.057672512538487E-003  6.382076337883807E-002  -3494.75445027017     
   7.17791510478538        20.4866048542711       -6.56734644636330       8.542878401141263E-002  4.105302108843264E-003  6.417886705611371E-002  -3465.85885847982     
   7.20313782409385        20.1847114647935       -6.60436469231935       8.273749959584127E-002  4.148445962311021E-003  6.452397129049738E-002  -3438.13902528578     
   7.22739417433828        19.8959414941027       -6.63839296623527       7.994008487962911E-002  4.187432624358099E-003  6.485592119965024E-002  -3411.60897622999     
   7.25067351588179        19.6199537131235       -6.66947416032652       7.704236427108924E-002  4.222590751220491E-003  6.517456618181068E-002  -3386.27761321920     
   7.27296563763578        19.3564998889326       -6.69769921825001       7.405053775149681E-002  4.254241342121101E-003  6.547976168617554E-002  -3362.14944725687     
   7.29426076153888        19.1054126361106       -6.72319855483373       7.097131253296751E-002  4.282691884158348E-003  6.577136793616106E-002  -3339.22546542253     
   7.31454954684594        18.8665884504820       -6.74612679701471       6.781122071047140E-002  4.308232224787037E-003  6.604925194944269E-002  -3317.50421717949     
   7.33382309422518        18.6399778647508       -6.76665743528443       6.457701105833620E-002  4.331131891071604E-003  6.631328558708241E-002  -3296.98170212642     
   7.35207294966172        18.4255691307322       -6.78497014965428       6.127484354259796E-002  4.351638626210149E-003  6.656334773967157E-002  -3277.65321725696     
   7.36929110816579        18.2233830031474       -6.80124898529341       5.791103285176201E-002  4.369977866486494E-003  6.679932065109878E-002  -3259.51179654429     
   7.38547001728403        18.0334573911249       -6.81567212906795       5.449095777964064E-002  4.386352967076528E-003  6.702108969252994E-002  -3242.55149771466     
   7.40060258041216        17.8558479796584       -6.82841329982340       5.102033192566124E-002  4.400945963923141E-003  6.722852999227223E-002  -3226.76360895022     
   7.41468215990786        17.6906125229342       -6.83963327333514       4.750351843538451E-002  4.413918745976143E-003  6.742148663323519E-002  -3212.14251634114     
   7.42770258000224        17.5378184579921       -6.84948386250807       4.394571144751844E-002  4.425414486096920E-003  6.759971734015446E-002  -3198.67823536353     
   7.43965812950871        17.3975239224042       -6.85810009584635       4.035001308383585E-002  4.435559237650486E-003  6.776280485108965E-002  -3186.36695588207     
   7.45054356432812        17.2697951225729       -6.86560619715055       3.672147945554590E-002  4.444463557160506E-003  6.791001275689956E-002  -3175.19697932037     
   7.46035410974899        17.1546784766892       -6.87210731935164       3.306143874115389E-002  4.452224053145931E-003  6.804016733488463E-002  -3165.16834760196     
   7.46908546254187        17.0522352860068       -6.87769765318786       2.937613616077269E-002  4.458924734090395E-003  6.815165418215356E-002  -3156.26544121314     
   7.47673379284683        16.9624914994133       -6.88245104353472       2.566362446490021E-002  4.464638103844932E-003  6.824279331855689E-002  -3148.49673986309     
   7.48329574585344        16.8855118708317       -6.88643248010945       2.193649418090904E-002  4.469425979435014E-003  6.831260198449181E-002  -3141.83502208271     
   7.48876844327222        16.8212834874389       -6.88968659396505       1.818001283755571E-002  4.473340098911805E-003  6.836178216641012E-002  -3136.31326293477     
   7.49314948459722        16.7699200972594       -6.89225455655101       1.444594184827051E-002  4.476422594187832E-003  6.839304604273697E-002  -3131.85591616606     
   7.49643694815891        16.7312384428241       -6.89415674572341       1.052938757976875E-002  4.478706423289064E-003  6.841075858187357E-002  -3128.63124828400     
   7.49862939196713        16.7062031251487       -6.89542024920039       5.592608318116209E-003  4.480215791774331E-003  6.841906736369090E-002  -3125.84681395769     
   7.49972585434356        16.6956647850988       -6.89603812870533       2.727336326823901E-003  4.480966557988843E-003  6.842131345392262E-002  -3122.80103561629     
   7.50274019415727        16.6674507452142       -6.89764033110033       1.249857282344629E-002  4.483046282937671E-003  6.842670696152678E-002  -3123.42397910468     
   7.50712027464751        16.6153926750593       -6.89995498211303       2.003529426052763E-002  4.486040737709342E-003  6.843719237975224E-002  -3118.47051966934     
   7.51368078850939        16.5387012401417       -6.90327253320270       2.750179374563712E-002  4.490451185437375E-003  6.844816894866283E-002  -3112.14534874635     
   7.52241022637231        16.4360375470257       -6.90759827455665       3.494609319315544E-002  4.496183990222241E-003  6.845889590718408E-002  -3103.24027639470     
   7.53329327383598        16.3084359596919       -6.91267825918487       4.233749545257204E-002  4.503120627355724E-003  6.846829192325643E-002  -3092.48565566635     
   7.54631083833706        16.1555513797095       -6.91849691451595       4.967706556610056E-002  4.511122399463818E-003  6.847656410283723E-002  -3079.46369798103     
   7.56144008264403        15.9781106407747       -6.92475780817798       5.694665528465936E-002  4.520036411074814E-003  6.848356969327435E-002  -3064.55594832099     
   7.57865446492142        15.7761267013072       -6.93144436761540       6.413880282502657E-002  4.529701209991719E-003  6.848966117106156E-002  -3047.57445324109     
   7.59792378529322        15.5502994323974       -6.93827234165969       7.123695682051726E-002  4.539953676910236E-003  6.849484379716217E-002  -3028.77734772178     
   7.61921423882374        15.3008929552958       -6.94525552493822       7.823058537510233E-002  4.550634279309206E-003  6.849939183266540E-002  -3008.08912655358     
   7.64248847482295        15.0286828757363       -6.95217825829463       8.510369970695786E-002  4.561593622194068E-003  6.850330652678695E-002  -2985.71172114851     
   7.66770566237227        14.7341679276555       -6.95911873707358       9.184524281313002E-002  4.572696075956656E-003  6.850678220754483E-002  -2961.63764998966     
   7.69482156195587        14.4182633047430       -6.96597266567598       9.844071326078992E-002  4.583824958294418E-003  6.850980387018345E-002  -2936.04124192747     
   7.72378860307185        14.0817121579765       -6.97290108073981       0.104880362739489       4.594884068647945E-003  6.851251251036033E-002  -2908.96178222875     
   7.75455596768701        13.7256159039574       -6.97991757130122       0.111152218487747       4.605801493522622E-003  6.851488412639591E-002  -2880.56080903941     
   7.78706967938900        13.3509713439969       -6.98724443066914       0.117248705146700       4.616529938120321E-003  6.851702657877101E-002  -2850.91322876266     
   7.82127269807927        12.9590852519782       -6.99496108320920       0.123160299689920       4.627050414284522E-003  6.851891273590904E-002  -2820.17628746063     
   7.85710502004076        12.5511830003871       -7.00326730607399       0.128880677650199       4.637373183994549E-003  6.852062968476569E-002  -2788.45393801919     
   7.89450378320486        12.1287294228920       -7.01218230814265       0.134400527451476       4.647542842499304E-003  6.852214976606269E-002  -2755.90293081982     
   7.93340337743278        11.6930613252770       -7.02172435815928       0.139711282620804       4.657640967855426E-003  6.852354640674892E-002  -2722.64973687951     
   7.97373555961808        11.2456215251508       -7.03164977508199       0.144798820690181       4.667792400803558E-003  6.852479170010831E-002  -2688.84786429544     
   8.01542957340825        10.7875763102135       -7.04156787408151       0.149646061536074       4.678167910303557E-003  6.852594932101301E-002  -2654.63448138959     
   8.05841227333536        10.3199703829568       -7.05071890530577       0.154226639062463       4.688987970000775E-003  6.852699004331912E-002  -2620.14646458519     
   8.10260825313813        9.84331376949316       -7.05805689305970       0.158507128621746       4.700519788942845E-003  6.852796976481412E-002  -2585.50880626043     
   8.14793997805009        9.35768856202326       -7.06208422977520       0.162441396619701       4.713071131743669E-003  6.852885619077764E-002  -2550.81348795216     
   8.19432792082192        8.86233268949914       -7.06095224886355       0.165973896680702       4.726973032767846E-003  6.852969829665742E-002  -2516.13571524666     
   8.24169070123926        8.35577233592530       -7.05239048277895       0.169036096557586       4.742554632597394E-003  6.853045879506904E-002  -2481.47891952885     
   8.28994522889130        7.83548405731224       -7.03388850253994       0.171552856195955       4.760103210863001E-003  6.853118012937187E-002  -2446.81900809288     
   8.33900684893952        7.29817415037194       -7.00277006629684       0.173442720929722       4.779813667457266E-003  6.853181845233323E-002  -2412.02028870107     
   8.38878949063112        6.73964579132561       -6.95652199536412       0.174629466422519       4.801722635824547E-003  6.853241034082015E-002  -2376.91279573363     
   8.43920581829630        6.15537478413928       -6.89305951126275       0.175047725211352       4.825634120602870E-003  6.853290490430740E-002  -2341.18722828294     
   8.49016738456476        5.54071933741441       -6.81124836536429       0.174660902871680       4.851035491239896E-003  6.853333473536534E-002  -2304.51590987833     
   8.54158478553241        4.89192114417833       -6.71136898475016       0.173471947816546       4.877016020784258E-003  6.853364342819492E-002  -2266.43885385233     
   8.59336781760621        4.20673458155172       -6.59580404383910       0.171546083865672       4.902193406836229E-003  6.853386371124645E-002  -2226.54346165401     
   8.64542563575190        3.48585977811880       -6.46958766074991       0.169022308349442       4.924669931730681E-003  6.853393803010002E-002  -2184.35515089651     
   8.69766691286708        2.73386362006651       -6.34104763459929       0.166133520051938       4.942033278248078E-003  6.853390620391775E-002  -2139.58914223096     
   8.75000000000000        1.96074364715081       -6.22208392531843       0.163207044794216       4.951433895529161E-003  6.853371673854612E-002  -2092.04978542856     
   8.80233308713292        1.18259715811834       -6.12827690504175       0.160667109244105       4.949756869411557E-003  6.853342565333324E-002  -2041.95050485066     
   8.85457436424810       0.422519970212760       -6.07828307738234       0.159006686680280       4.933913921236393E-003  6.853299595162664E-002  -1989.79771132420     
   8.90663218239379      -0.290009766662727       -6.09277777045129       0.158755921104244       4.901245759872211E-003  6.853250874958314E-002  -1936.73904452772     
   8.95841521446759      -0.920023359593675       -6.19244291425159       0.160414199058296       4.850013749633500E-003  6.853194820257806E-002  -1884.36715296554     
   9.00983261543524       -1.42995483138431       -6.39554465681786       0.164385551376667       4.779902189301423E-003  6.853142601372718E-002  -1835.02181619710     
   9.06079418170370       -1.78281522135505       -6.71482453825580       0.170888377365894       4.692443972234677E-003  6.853094896793283E-002  -1791.42921288021     
   9.11121050936888       -1.94701242879129       -7.15469440352540       0.179894880843806       4.591245914208513E-003  6.853065791180801E-002  -1756.89170772287     
   9.16099315106048       -1.90035966541972       -7.70862468760160       0.191070266497732       4.481943582113583E-003  6.853057441664687E-002  -1734.71776160015     
   9.21005477110870       -1.63437519572031       -8.35790515688729       0.203773320434886       4.371844171270226E-003  6.853085581598260E-002  -1728.30531154241     
   9.25830929876074       -1.15613152822402       -9.07129759444998       0.217070125913969       4.269329846806198E-003  6.853151756564313E-002  -1740.40739354400     
   9.30567207917808      -0.489327196312493       -9.80641268453917       0.229815146192299       4.183120788672235E-003  6.853270845333671E-002  -1773.20761889766     
   9.35206002194991       0.327638183663391       -10.5115808389185       0.240724447144047       4.121561293646065E-003  6.853440587983346E-002  -1827.53522534144     
   9.39739174686187        1.24379958725923       -11.1288404366939       0.248496344524768       4.092020743751115E-003  6.853671802396120E-002  -1903.06556215417     
   9.44158772666464        2.19979695102050       -11.5965845904686       0.251892439558740       4.100486522785006E-003  6.853954747793582E-002  -1997.58980346571     
   9.48457042659176        3.13078046985423       -11.8530438010378       0.249857214629241       4.151312928812314E-003  6.854292894017779E-002  -2107.44660045955     
   9.52626444038192        3.97043621345080       -11.8393035560468       0.241583385748010       4.247095260586080E-003  6.854665426599614E-002  -2226.92512713921     
   9.56659662256722        4.65299328718803       -11.5034873032975       0.226621960584525       4.388569820944625E-003  6.855065889682477E-002  -2349.04155284843     
   9.60549621679514        5.11651251554020       -10.8042427966000       0.204918122046595       4.574492620869938E-003  6.855459997702151E-002  -2465.17581667121     
   9.64289497995924        5.30417934082521       -9.71497940653283       0.176885332438626       4.801403499299357E-003  6.855830980206749E-002  -2566.31812850290     
   9.67872730192073        5.16742522186310       -8.22611991642461       0.143367204051520       5.063236445866900E-003  6.856131274199917E-002  -2642.96266140822     
   9.71293032061100        4.66690915452712       -6.34720451368680       0.105637423285388       5.350685215460890E-003  6.856336600590211E-002  -2686.77430210259     
   9.74544403231299        3.77568722949206       -4.10607244788037       6.526708246572221E-002  5.650298601614701E-003  6.856389213540387E-002  -2690.48506812777     
   9.77621139692815        2.47992531864394       -1.54833884837948       2.407269225070187E-002  5.943282202577406E-003  6.856263442320733E-002  -2649.67436194048     
   9.80517843804413       0.782472579750868        1.26550250374256      -1.606621495833504E-002  6.204184155429496E-003  6.855897723180093E-002  -2562.23204575482     
   9.83229433762773       -1.29607715670487        4.26099998030154      -5.324282986416815E-002  6.399884323799961E-003  6.855276063298581E-002  -2429.95702489507     
   9.85751152517705       -3.71255440205464        7.35228871968549      -8.571410476014998E-002  6.489829654117966E-003  6.854345400523515E-002  -2257.26100107331     
   9.88078576117626       -6.40003644704174        10.4415751945671      -0.111890127782867       6.428886430325053E-003  6.853119900310346E-002  -2052.51623939382     
   9.90207621470678       -9.26436477519232        13.4215064652358      -0.130568376705910       6.174318792908474E-003  6.851578431171916E-002  -1825.77679298300     
   9.92134553507858       -12.1899008761534        16.1766885734115      -0.140895318174223       5.697339592065632E-003  6.849802455192572E-002  -1589.91759614864     
   9.93855991735597       -15.0472013376088        18.5941116684942      -0.142704210980445       4.997360691983788E-003  6.847839049064429E-002  -1357.06882899684     
   9.95368916166294       -17.7135053435641        20.5773676600113      -0.136342579762399       4.113876886259402E-003  6.845874972890359E-002  -1139.92554002250     
   9.96670672616402       -20.0869268012070        22.0706811011833      -0.123036033237780       3.128965334413045E-003  6.844006365994909E-002  -947.008028816537     
   9.97758977362769       -22.1024632057472        23.0749588169076      -0.104177951873945       2.154419103781069E-003  6.842444175953766E-002  -785.912743147211     
   9.98631921149061       -23.7243988706393        23.6552614001669      -8.188280843596896E-002  1.303431193507974E-003  6.841115418251432E-002  -657.741649413149     
   9.99287972535249       -24.9443847096686        23.9227526780232      -5.700194821357813E-002  6.568395123789088E-004  6.840111923711484E-002  -565.274585698415     
   9.99725980584273       -25.7549913472525        24.0069604225414       5.774541633332676E-003  2.430497716091912E-004  6.839151963039250E-002  -502.453721308817     
   9.99945176881179       -26.1769755239345        24.0174383350331       5.377812609585286E-002  4.759195657261647E-005  6.839298025474423E-002  -485.606989268439     
