  5.482311882135105E-004   74.5990901559534      -0.706515886404723        19.6213784577674      -5.092241527762149E-035  1.254028478880447E-032  -2756.54447609896     
  2.740194157273279E-003   74.6815661585074      -0.706505976367813       1.896243234638095E-003 -2.533425424892194E-034  6.484859693734930E-032  -2761.74141939939     
  7.120274647511096E-003   74.8464974240221      -0.706428451689860       2.720396814677657E-003 -6.515059889997446E-034  1.847257471315998E-031  -2775.09629788070     
  1.368078850938578E-002   75.0933962803959      -0.706157939702866       3.515534657994912E-003 -1.229284972315915E-033  4.085854240414755E-031  -2792.77567185345     
  2.241022637230590E-002   75.4217394534211      -0.705516009803270       4.298071926452538E-003 -1.963545763613549E-033  8.101475056722867E-031  -2818.55191160570     
  3.329327383597702E-002   75.8303818707128      -0.704231583106539       5.061509657270647E-003 -2.836232769664015E-033  1.534997576926227E-030  -2848.70650872824     
  4.631083833706355E-002   76.3177572242149      -0.702011661239737       5.806400753739914E-003 -3.824776498931526E-033  2.874377117638409E-030  -2886.90032661771     
  6.144008264403235E-002   76.8813649151310      -0.698446465128603       6.522097065731186E-003 -4.890056499420716E-033  5.421972148821473E-030  -2929.38716276857     
  7.865446492141721E-002   77.5178556653556      -0.693176939954139       7.203524313313933E-003 -5.967373562062326E-033  1.041992382619137E-029  -2979.68295005577     
  9.792378529321730E-002   78.2225578043919      -0.685709817435108       7.837042927347096E-003 -7.101866669927932E-033  2.053058949463875E-029  -3033.91643538000     
  0.119214238823741        78.9896236727027      -0.675715773285028       8.413991948560462E-003 -8.167146670417122E-033  4.161473218526240E-029  -3095.38848198569     
  0.142488474822952        79.8116302471707      -0.662726926806471       8.918637828704357E-003 -9.190296953372841E-033  8.689857751673426E-029  -3160.02591309313     
  0.167705662372269        80.6800077447075      -0.646586023250066       9.341950219977937E-003 -1.011113220803299E-032  1.870214167023730E-028  -3230.86194610549     
  0.194821561955871        81.5847640584540      -0.627009211863816       9.669436637234553E-003 -1.062872588058706E-032  4.147518876122376E-028  -3303.60400841531     
  0.223788603071846        82.5153773323893      -0.604169263478447       9.896424339223425E-003 -1.472132701240993E-032  9.474013798841101E-028  -3381.03868781876     
  0.254555967687008        83.4605930131103      -0.578113089965311       1.001436468249409E-002  1.547364339693620E-032  2.227860972737604E-027  -3458.73831098559     
  0.287069679389002        84.4097634096995      -0.549422239004498       1.002744344450254E-002 -1.847689040396504E-031  5.390184054439495E-027  -3539.36531353267     
  0.321272698079270        85.3524801820803      -0.518499725036096       9.936460809721551E-003  9.343769495816199E-031  1.341096944036447E-026  -3618.53364519075     
  0.357105020040764        86.2801213744003      -0.486251112786570       9.755931884977503E-003 -4.425738863953258E-030  3.428490682910630E-026  -3698.96173204536     
  0.394503783204860        87.1850240616309      -0.453300413442882       9.495729364122562E-003  1.862862960945845E-029  9.003577603365974E-026  -3776.49384720012     
  0.433403377432783        88.0619871426271      -0.420666128736503       9.178134594820798E-003 -7.105730566878859E-029  2.425330104752034E-025  -3854.04817802080     
  0.473735559618085        88.9068688640059      -0.388986671280696       8.818462707637361E-003  2.518714570123857E-028  6.702666457385150E-025  -3927.80775036542     
  0.515429573408246        89.7179780251790      -0.359185322555497       8.442013848304883E-003 -8.307897241871587E-028  1.895918191172873E-024  -4000.93193651591     
  0.558412273335357        90.4942248089123      -0.331759687610765       8.065031892775486E-003  2.596123857564602E-027  5.492426900552168E-024  -4069.93865866211     
  0.602608253138127        91.2364966568200      -0.307430484220533       7.711650775451519E-003 -7.683696016324833E-027  1.624425820687678E-023  -4138.17312535885     
  0.647939978050086        91.9455977346215      -0.286503861916905       7.395846662905517E-003  2.182724789727849E-026  4.908658212185858E-023  -4202.40672784358     
  0.694327920821916        92.6237307868469      -0.269501728556134       7.138482348840759E-003 -5.938731481004202E-026  1.510130222964390E-022  -4266.07013236901     
  0.741690701239265        93.2724157265296      -0.256569958744375       6.950018809269400E-003  1.565887658851866E-025  4.732072221246647E-022  -4326.08639492313     
  0.789945228891301        93.8941324845358      -0.248103020521159       6.847970893255660E-003 -3.981379006146310E-025  1.505176911746896E-021  -4385.87722173265     
  0.839006848939523        94.4903088695419      -0.244150343021022       6.839418534657840E-003  9.888180396380088E-025  4.859094894248926E-021  -4442.43579574058     
  0.888789490631117        95.0631077923375      -0.245071484473446       6.939675461396387E-003 -2.375034526250553E-024  1.587199695405715E-020  -4499.11224433950     
  0.939205818296299        95.6134958576165      -0.250878077052603       7.153064901373996E-003  5.617105604248912E-024  5.241747912414153E-020  -4552.92240877286     
  0.990167384564762        96.1431228717125      -0.261982307012070       7.494286463974250E-003 -1.282135619202356E-023  1.745572576128287E-019  -4607.11620037430     
   1.04158478553241        96.6524467604845      -0.278393613484723       7.965326803761302E-003  2.914824269183488E-023  5.854224209368529E-019  -4658.71416702203     
   1.09336781760621        97.1426523673061      -0.300652215925190       8.581826032777965E-003 -6.322513767012076E-023  1.972659438901109E-018  -4710.86158109055     
   1.14542563575190        97.6138033369348      -0.328772958325501       9.343242722653567E-003  1.397953653320824E-022  6.668244148124440E-018  -4760.58410649723     
   1.19766691286708        98.0667639398891      -0.363489885175619       1.026747436869897E-002 -2.849084535015280E-022  2.256410407363093E-017  -4810.93043911041     
   1.25000000000000        98.5013560661814      -0.404802067366528       1.135042950198071E-002  6.277204144000385E-022  7.630180147060119E-017  -4858.93987512335     
   1.30233308713292        98.9182682019696      -0.453698131765539       1.261327010571572E-002 -1.153556005567478E-021  2.573299333595434E-016  -4907.57623034317     
   1.35457436424810        99.3172026278383      -0.510109908070573       1.404637721172648E-002  2.710276316631388E-021  8.640283168592790E-016  -4953.90239195982     
   1.40663218239379        99.6987739406587      -0.575339068231963       1.567483598369085E-002 -3.903791010106576E-021  2.882818384393396E-015  -5000.80754432894     
   1.45841521446759        100.062631460197      -0.649164912411539       1.748050903589638E-002  1.206270731566544E-020  9.541308621014339E-015  -5045.38633872787     
   1.50983261543524        100.409366844430      -0.733257675339616       1.949266385192775E-002 -7.163308485682381E-021  3.126809466141059E-014  -5090.45987653645     
   1.56079418170370        100.738586569291      -0.827120326452868       2.168068312363724E-002  6.350530906211764E-020  1.012905887912951E-013  -5133.16007343587     
   1.61121050936888        101.050869307512      -0.932839454582478       2.407780332613168E-002  5.189384169271524E-020  3.237721780458601E-013  -5176.24207885509     
   1.66099315106048        101.345740586052       -1.04947539584732       2.663620648017957E-002  4.400926059911065E-019  1.019565058598333E-012  -5216.87841751460     
   1.71005477110870        101.623752820679       -1.17956163684343       2.939233174319627E-002  9.414613549692250E-019  3.157526032534733E-012  -5257.75583922871     
   1.75830929876073        101.884275257236       -1.32150633390105       3.227614018162888E-002  3.706190960449473E-018  9.602275942585893E-012  -5296.09025430161     
   1.80567207917808        102.127820501872       -1.47828879349225       3.532590924105989E-002  1.017523945039038E-017  2.862637538231511E-011  -5334.49286804685     
   1.85206002194991        102.353503485926       -1.64741835387382       3.844484762761426E-002  3.244472581674392E-017  8.354143682995507E-011  -5370.22819383745     
   1.89739174686187        102.561813560723       -1.83227019497584       4.167119414894942E-002  9.240764416308799E-017  2.382659662593338E-010  -5405.81981771015     
   1.94158772666464        102.751514594102       -2.02919015125923       4.487855207721438E-002  2.682320120951037E-016  6.632339967503063E-010  -5438.59381657433     
   1.98457042659175        102.923159475781       -2.24183728441227       4.810311654892201E-002  7.397932037520194E-016  1.798871201081096E-009  -5470.96870996335     
   2.02626444038192        103.075104887267       -2.46515283005726       5.118932724853944E-002  2.002916404560455E-015  4.748157052502255E-009  -5500.36126596035     
   2.06659662256722        103.208168132707       -2.70291089215496       5.417007694165337E-002  5.219431941711292E-015  1.217637388857028E-008  -5529.06086371384     
   2.10549621679514        103.320333693170       -2.94850610133782       5.686625426841597E-002  1.318652954895789E-014  3.030305771162299E-008  -5554.63135803010     
   2.14289497995924        103.413020619030       -3.20564287937213       5.930828004040492E-002  3.208426427501330E-014  7.306135832673873E-008  -5579.19835299830     
   2.17872730192073        103.484002211758       -3.46623544966034       6.130573444781136E-002  7.524667849308273E-014  1.704814533865073E-007  -5600.56689663008     
   2.21293032061100        103.535727883082       -3.73379558650280       6.289064806416925E-002  1.695737078284263E-013  3.843101828415311E-007  -5620.64388031130     
   2.24544403231299        103.566019599844       -3.99913656450307       6.387979915663541E-002  3.669563879493577E-013  8.362001465056048E-007  -5637.61086092736     
   2.27621139692815        103.578728882481       -4.26558695861827       6.431377669191808E-002  7.610294860704232E-013  1.752854753421341E-006  -5653.06361100246     
   2.30517843804413        103.571970946681       -4.52356667311131       6.403765122053243E-002  1.511118524914963E-012  3.537096345445402E-006  -5665.72846853547     
   2.33229433762773        103.551105617930       -4.77634649113434       6.310749705363793E-002  2.868716294149196E-012  6.856641663160276E-006  -5676.74094290667     
   2.35751152517705        103.514626386364       -5.01483733954284       6.141376581940116E-002  5.201991408370572E-012  1.275815377705816E-005  -5685.55761149583     
   2.38078576117626        103.469117095267       -5.24235908350232       5.903091284037434E-002  9.000840913481652E-012  2.272793389553073E-005  -5692.63916928995     
   2.40207621470678        103.413317675989       -5.45110344013287       5.590183600898202E-002  1.484820621836825E-011  3.871812627290925E-005  -5698.36609175680     
   2.42134553507858        103.354446813815       -5.64437343776425       5.211660710947932E-002  2.333104413054810E-011  6.285825819805609E-005  -5702.25256757133     
   2.43855991735597        103.291217093771       -5.81611720119102       4.766610704419270E-002  3.488490355261117E-011  9.709262166546078E-005  -5705.81702668313     
   2.45368916166294        103.230833387224       -5.96935190761983       4.265031787063082E-002  4.957228548775771E-011  1.421276605500894E-004  -5707.30519051900     
   2.46670672616402        103.171684103579       -6.09987392585748       3.709488133095816E-002  6.685764788381164E-011  1.969366435030564E-004  -5709.65296044745     
   2.47758977362769        103.120475110809       -6.20991460477889       3.110599722007246E-002  8.548884583715153E-011  2.575405081309635E-004  -5709.42397649968     
   2.48631921149061        103.075022111218       -6.29659498255212       2.472405149033308E-002  1.036267161018629E-010  3.181635704392398E-004  -5711.43271053314     
   2.49287972535249        103.041304927440       -6.36092344827606       1.807251409032399E-002  1.192390887809884E-010  3.711558209288259E-004  -5709.86184442172     
   2.49725980584273        103.016342105836       -6.40205031813365       1.116727960645214E-002  1.305849285950323E-010  4.104101151210261E-004  -5712.44995308963     
   2.49945176881179        103.005328428317       -6.42195520700719       4.180593767781309E-003  1.365196866234226E-010  4.308131816852856E-004  -5708.98310876837     
   2.50137060803287        102.999074821998       -6.44071156153208       5.946269362180415E-003  1.421880099904319E-010  4.488363022921376E-004  -5713.70666070973     
   2.50356305184109        102.985991327905       -6.46273483877642       9.535655549553324E-003  1.490369357310271E-010  4.709024343274426E-004  -5709.09558813504     
   2.50685051540278        102.968032896047       -6.49553593462594       1.310996554057984E-002  1.598972789374282E-010  5.044679981012584E-004  -5712.97010346061     
   2.51123155672778        102.941949414747       -6.53949185844081       1.677611418348176E-002  1.755439328270940E-010  5.507548219061144E-004  -5709.72118300936     
   2.51670425414656        102.910122039773       -6.59385867596895       2.049117900376500E-002  1.971382508862514E-010  6.099089963134812E-004  -5712.57831145809     
   2.52326620715317        102.869356667639       -6.65943047596705       2.431344908804896E-002  2.263604567645392E-010  6.831087455188619E-004  -5709.90136709736     
   2.53091453745813        102.821682692837       -6.73486935651979       2.822400183295125E-002  2.656084884016143E-010  7.702599060322110E-004  -5711.94527332222     
   2.53964589025101        102.763811647180       -6.82141254773836       3.226560732936294E-002  3.182908204749725E-010  8.724038506319426E-004  -5709.42029625362     
   2.54945643567188        102.697530177391       -6.91705270734145       3.642564539103364E-002  3.892608083959840E-010  9.891593150197528E-004  -5710.59127755226     
   2.56034187049129        102.619414300549       -7.02343470675976       4.074051802882715E-002  4.854518557988939E-010  1.121437367410813E-003  -5707.85857542702     
   2.57229741999776        102.531070095776       -7.13784195318579       4.519623904537989E-002  6.168236650182021E-010  1.268629644205511E-003  -5707.97769675569     
   2.58531784009214        102.428960201523       -7.26224625456171       4.982623135385591E-002  7.977430708800942E-010  1.431541966124072E-003  -5704.68074736335     
   2.59939741958784        102.314552310065       -7.39321751992676       5.461044897121421E-002  1.049050278163237E-009  1.609420359842598E-003  -5703.50580754210     
   2.61452998271597        102.184275023668       -7.53294565925080       5.958030878942942E-002  1.401054840145428E-009  1.802983652848352E-003  -5699.28704904478     
   2.63070889183421        102.039491385098       -7.67732481571201       6.470642432656032E-002  1.898014140231488E-009  2.011402380580654E-003  -5696.55347656825     
   2.64792705033828        101.876723784652       -7.82864717123111       7.001791437381573E-002  2.604528943742540E-009  2.235318194208635E-003  -5691.07305310402     
   2.66617690577482        101.697263259558       -7.98222033389985       7.547390698048746E-002  3.615015646415608E-009  2.473877345207439E-003  -5686.53473534125     
   2.68545045315406        101.497881847148       -8.14033951992196       8.110036722101051E-002  5.066864551370335E-009  2.727648986689978E-003  -5679.50247530945     
   2.70573923846112        101.279831548934       -8.29787362333870       8.684407915555914E-002  7.159568007407648E-009  2.995789265140653E-003  -5672.97376203498     
   2.72703436236422        101.040286128041       -8.45705856323774       9.272704320908240E-002  1.018017433360760E-008  3.278797080374002E-003  -5664.18613794557     
   2.74932648411821        100.780485466040       -8.61252829875233       9.868435800091650E-002  1.453930550879512E-008  3.575859783495492E-003  -5655.57976835400     
   2.77260582566172        100.498117712727       -8.76644361462087       0.104733792579294       2.081627230948102E-008  3.887407354769680E-003  -5644.95183629171     
   2.79686217590615        100.194420192906       -8.91344563039549       0.110801001576863       2.982096723765371E-008  4.212670641980827E-003  -5634.30443247905     
   2.82208489521462        99.8676413195756       -9.05564498268592       0.116900066684479       4.266540371024714E-008  4.552011909279493E-003  -5621.88664455902     
   2.84826292006882        99.5189992360640       -9.18793901506797       0.122950775732266       6.085929677469511E-008  4.904711679996292E-003  -5609.36429943599     
   2.87538476792185        99.1472732962758       -9.31243538349802       0.128964832010002       8.640948618007122E-008  5.271065989361096E-003  -5595.33762295574     
   2.90343854223486        98.7536203007016       -9.42450743845172       0.134860516908343       1.219517602330763E-007  5.650407110820340E-003  -5581.21887777314     
   2.93241193769525        98.3372595285200       -9.52630605829684       0.140648919141198       1.708695888524430E-007  6.042966850150629E-003  -5565.86810311906     
   2.96229224561419        97.8992303902197       -9.61384173074347       0.146251255232766       2.374573288889318E-007  6.448128546335588E-003  -5550.50810375214     
   2.99306635950107        97.4390683239271       -9.68933568148694       0.151679797041547       3.270386058444349E-007  6.866062395458316E-003  -5534.17976094951     
   3.02472078081245        96.9576432212905       -9.74952371295173       0.156862577374892       4.461511268757687E-007  7.296200265648585E-003  -5517.96447255004     
   3.05724162487296        96.4546827385838       -9.79669768125156       0.161814516795012       6.026383232211311E-007  7.738653993845475E-003  -5501.01953266322     
   3.09061462696557        95.9308554340730       -9.82833580477338       0.166473356718589       8.058473851351476E-007  8.192900225288857E-003  -5484.32048699304     
   3.12482514858856        95.3859825628351       -9.84677612989519       0.170857585625113       1.066668405491607E-006  8.658996250110145E-003  -5467.09189707386     
   3.15985818387649        94.8205290881621       -9.85019866909212       0.174916385892316       1.397744361555290E-006  9.136458992959694E-003  -5450.23003490296     
   3.19569836618223        94.2343495422732       -9.84094639864557       0.178672133491884       1.813438401042862E-006  9.625295445971951E-003  -5432.99203964274     
   3.23232997481729        93.6277329326317       -9.81782093457691       0.182086064785153       2.330062653047412E-006  1.012505793200961E-002  -5416.21532766618     
   3.26973694194743        93.0005456896545       -9.78312128694905       0.185184224291999       2.965762119355837E-006  1.063570767479531E-002  -5399.16734285266     
   3.30790285964057        92.3529515991309       -9.73616849233687       0.187939566285552       3.740773207071283E-006  1.115682741437602E-002  -5382.64281966180     
   3.34681098706380        91.6848385444620       -9.67916864606289       0.190381164069120       4.677218330598470E-006  1.168833725389692E-002  -5365.90697411033     
   3.38644425782651        90.9963083249419       -9.61185221505023       0.192492629889751       5.799402586277896E-006  1.222984548907679E-002  -5349.72492366495     
   3.42678528746625        90.2872987313469       -9.53628842592659       0.194305137645580       7.133515793068285E-006  1.278123571713264E-002  -5333.35409290510     
   3.46781638107414        89.5579142467395       -9.45250955301280       0.195811405831493       8.707968058709661E-006  1.334213721034149E-002  -5317.54053906408     
   3.50951954105644        88.8081777493374       -9.36241183528923       0.197043618997208       1.055299706699157E-005  1.391240151261162E-002  -5301.53281828857     
   3.55187647502887        88.0382533394497       -9.26623082567199       0.198001773689241       1.270103383126028E-005  1.449167468867352E-002  -5286.06628261063     
   3.59486860384028        87.2482810522437       -9.16566287227516       0.198717928083434       1.518621471387090E-005  1.507978041937193E-002  -5270.38203657672     
   3.63847706972207        86.4385277334045       -9.06106151574708       0.199197441214146       1.804476094449036E-005  1.567637784156869E-002  -5255.21107069811     
   3.68268274455984        85.6092731327094       -8.95390605914378       0.199471161796531       2.131439855341620E-005  1.628126663077514E-002  -5239.78949913120     
   3.72746623828359        84.7609134280260       -8.84459823416963       0.199547966658222       2.503473153257038E-005  1.689411577150187E-002  -5224.84846363548     
   3.77280790737286        83.8938782120418       -8.73439287772508       0.199456550418937       2.924657876709563E-005  1.751470441799684E-002  -5209.62164632560     
   3.81868786347303        83.0087031929206       -8.62368639986344       0.199207656901893       3.399232169242362E-005  1.814270867665104E-002  -5194.84323955132     
   3.86508598211901        82.1059654646151       -8.51351097157962       0.198827083409980       3.931517456346922E-005  1.877789027559415E-002  -5179.74661405022     
   3.91198191156250        81.1863363056537       -8.40422001540164       0.198326067552414       4.525949239411566E-005  1.941993019717260E-002  -5165.07055983295     
   3.95935508169891        80.2505274218931       -8.29663301811312       0.197727003806810       5.186999811324825E-005  2.006857545596611E-002  -5150.04959094146     
   4.00718471309012        79.2993309345585       -8.19103712803806       0.197040570427794       5.919204390915106E-005  2.072351011039322E-002  -5135.42757837794     
   4.05544982607902        78.3335726588356       -8.08805575929550       0.196285498543641       6.727082457372637E-005  2.138446881460494E-002  -5120.44094465531     
   4.10412924999188        77.3541437812288       -7.98789862674114       0.195471177528604       7.615159330537831E-005  2.205113730632387E-002  -5105.83835178287     
   4.15320163242450        76.3619592541312       -7.89101437453572       0.194612639918631       8.587889382560865E-005  2.272323990796322E-002  -5090.85830114015     
   4.20264544860809        75.3579839226464       -7.79753353237259       0.193717551770594       9.649673865123595E-005  2.340046299545257E-002  -5076.25344971501     
   4.25243901085073        74.3431952275406       -7.70775386014444       0.192797396715882       1.080478930190938E-004  2.408252230610716E-002  -5061.26410000248     
   4.30256047805033        73.3186053863025       -7.62173151774392       0.191857927795763       1.205740286141538E-004  2.476910412008526E-002  -5046.64582710509     
   4.35298786527485        72.2852281440372       -7.53963782285986       0.190907362307982       1.341150903024928E-004  2.545991710014148E-002  -5031.64016149342     
   4.40369905340561        71.2440978635110       -7.46146330281241       0.189949534563134       1.487094409604846E-004  2.615464695651719E-002  -5017.00441136640     
   4.45467179883948        70.1962402823895       -7.38727610357207       0.188989756516481       1.643933384289714E-004  2.685299659855990E-002  -5001.98059816061     
   4.50588374324565        69.1426889007896       -7.31701155935408       0.188030061142126       1.812010876905006E-004  2.755465090783849E-002  -4987.32658782748     
   4.55731242337272        68.0844597464165       -7.25065544986687       0.187073245189343       1.991646516292267E-004  2.825930821789316E-002  -4972.28408929797     
   4.60893528090186        67.0225651808640       -7.18809838218569       0.186119727341666       2.183138260246564E-004  2.896665249767201E-002  -4957.61042749600     
   4.66072967234160        65.9579926311550       -7.12926129114013       0.185170169128676       2.386760051074228E-004  2.967637858336130E-002  -4942.54618944330     
   4.71267287896005        64.8917158069862       -7.07399943030638       0.184223589811440       2.602763936023809E-004  3.038816958600501E-002  -4927.84716042507     
   4.76474211675004        63.8246772746142       -7.02218274261631       0.183278858116403       2.831379482472348E-004  3.110171786708100E-002  -4912.75201721567     
   4.81691454642296        62.7577970436859       -6.97363878800840       0.182333807699478       3.072816405286818E-004  3.181670584141077E-002  -4898.01409652938     
   4.86916728342686        61.6919587589127       -6.92819667069096       0.181385803574887       3.327265999280652E-004  3.253282440548357E-002  -4882.86939761050     
   4.92147740798430        60.6280156503641       -6.88566199387203       0.180431690236576       3.594904423828947E-004  3.324975551807254E-002  -4868.06795421753     
   4.97382197514580        59.5667800110635       -6.84582972063289       0.179467559622924       3.875896519255325E-004  3.396718964955596E-002  -4852.84232308351     
   5.07852259201570        57.4554849679478       -6.77339974925870       0.177492332375541       4.478571954798470E-004  3.540230349658786E-002  -4822.58446463856     
   5.13083271657314        56.4068405731660       -6.74033888534694       0.176471607517162       4.800574658761305E-004  3.611935628945657E-002  -4807.52139084361     
   5.18308545357704        55.3637294514046       -6.70904057736216       0.175421307187246       5.136585600303750E-004  3.683566000005101E-002  -4791.97241835072     
   5.23525788324996        54.3267375512841       -6.67926413101265       0.174336320897311       5.486804615562191E-004  3.755089694078401E-002  -4776.67233554041     
   5.28732712103995        53.2963972560841       -6.65071706745714       0.173209865795941       5.851469350019871E-004  3.826476331006210E-002  -4760.83844565185     
   5.33927032765839        52.2731858798364       -6.62314934455097       0.172036560022431       6.230864219914038E-004  3.897694190097604E-002  -4745.19840908155     
   5.39106471909814        51.2575236410672       -6.59624192264019       0.170808971426724       6.625342321110397E-004  3.968713341847953E-002  -4728.96270588710     
   5.44268757662728        50.2497728858150       -6.56974273914526       0.169521767540539       7.035336748862050E-004  4.039502090971127E-002  -4712.85073934867     
   5.49411625675436        49.2502373594467       -6.54331152610392       0.168167146593009       7.461390110168692E-004  4.110031087535376E-002  -4696.06544424495     
   5.54532820116052        48.2591645249857       -6.51670853365530       0.166740327489525       7.904167438549612E-004  4.180268584205064E-002  -4679.31694754179     
   5.59630094659439        47.2767462584748       -6.48958467572466       0.165233598642134       8.364493231668413E-004  4.250185922385314E-002  -4661.80032523849     
   5.64701213472515        46.3031274746656       -6.46173762902362       0.163643488561813       8.843362690033358E-004  4.319751145846532E-002  -4644.21579367108     
   5.69743952194967        45.3384084233568       -6.43283228141792       0.161963073377964       9.341983214312520E-004  4.388936373414019E-002  -4625.75106248293     
   5.74756098914927        44.3826633769830       -6.40274272634345       0.160191244963677       9.861776287026531E-004  4.457709185674039E-002  -4607.09658806840     
   5.79735455139191        43.4359440768892       -6.37118264081628       0.158322798836168       1.040441562828956E-003  4.526042545004228E-002  -4587.43453124348     
   5.84679836757550        42.4983120194785       -6.33815581431732       0.156360290665318       1.097180632445568E-003  4.593903216270549E-002  -4567.44700263577     
   5.89587075000812        41.5698408030219       -6.30346923350850       0.154301281819466       1.156610674117831E-003  4.661265081640341E-002  -4546.31432063321     
   5.94455017392098        40.6506642524989       -6.26731928604642       0.152153351110078       1.218966683400023E-003  4.728093663330573E-002  -4524.71336708544     
   5.99281528690988        39.7409722541712       -6.22965204091822       0.149917715030459       1.284501863665542E-003  4.794363907751630E-002  -4501.82866951158     
   6.04064491830109        38.8410747863914       -6.19091764854152       0.147608052530739       1.353475595498525E-003  4.860039640395644E-002  -4478.33691040500     
   6.08801808843750        37.9513817256219       -6.15123307002476       0.145229561279656       1.426148280789758E-003  4.925097164521328E-002  -4453.43535988778     
   6.13491401788099        37.0724807580618       -6.11134425971862       0.142802376883557       1.502762560634549E-003  4.989498187111129E-002  -4427.80719368010     
   6.18131213652697        36.2050876705879       -6.07153721764188       0.140335000400931       1.583534285361127E-003  5.053220895634221E-002  -4400.67304173054     
   6.22719209262714        35.3501356642361       -6.03285713230381       0.137853262725853       1.668627929750321E-003  5.116224541990678E-002  -4372.73002872845     
   6.27253376171641        34.5086801470349       -5.99570493791629       0.135366982161447       1.758146197841366E-003  5.178490031720587E-002  -4343.23378700742     
   6.31731725544016        33.6819998250981       -5.96137522003991       0.132905637359691       1.852102960426205E-003  5.239973932061399E-002  -4312.90200528368     
   6.36152293027793        32.8714399977208       -5.93026800217413       0.130477093622999       1.950416281334694E-003  5.300661036356116E-002  -4281.03633685986     
   6.40513139615972        32.0785331617308       -5.90382267389000       0.128111378667878       2.052884180160296E-003  5.360505065484322E-002  -4248.37868047306     
   6.44812352497113        31.3047673130806       -5.88226846429256       0.125810340101351       2.159187126989629E-003  5.419496163216871E-002  -4214.28520579096     
   6.49048045894356        30.5517457644011       -5.86704861173024       0.123601114897693       2.268872302880001E-003  5.477584985494656E-002  -4179.52049729562     
   6.53218361892586        29.8208703610116       -5.85802689663167       0.121475614603776       2.381370726135234E-003  5.534768652239032E-002  -4143.49967208950     
   6.57321471253375        29.1135751246274       -5.85651194449013       0.119455365540731       2.495993558409232E-003  5.590994275341117E-002  -4107.00168087232     
   6.61355574217349        28.4309148287135       -5.86182932124156       0.117519719210985       2.611965599095292E-003  5.646267553337841E-002  -4069.50049830435     
   6.65318901293620        27.7739215180923       -5.87506650928261       0.115683641871923       2.728432794837493E-003  5.700531095631229E-002  -4031.77388621624     
   6.69209714035943        27.1430814487690       -5.89490868622775       0.113913498370161       2.844508868243919E-003  5.753800599953187E-002  -3993.35123561910     
   6.73026305805257        26.5388740680295       -5.92222777891693       0.112219064454898       2.959288247724780E-003  5.806012608583862E-002  -3954.98729255678     
   6.76767002518271        25.9611012468075       -5.95506589466580       0.110555685505976       3.071898347221095E-003  5.857194022359972E-002  -3916.26289688117     
   6.80430163381777        25.4096747176735       -5.99418737961948       0.108931335020187       3.181509133403442E-003  5.907273196200905E-002  -3877.88362418845     
   6.84014181612351        24.8837316981986       -6.03708138022174       0.107294025406584       3.287382312640195E-003  5.956289342128313E-002  -3839.48116084615     
   6.87517485141144        24.3827438032151       -6.08458764966528       0.105654255855078       3.388869367633635E-003  6.004160175382583E-002  -3801.68336297930     
   6.90938537303443        23.9053180643538       -6.13378514250334       0.103956865651576       3.485451311276025E-003  6.050938434162562E-002  -3764.17955009233     
   6.94275837512703        23.4507152350899       -6.18579418897302       0.102218784370248       3.576720881456943E-003  6.096528709382158E-002  -3727.48970833074     
   6.97527921918755        23.0172010765505       -6.23742557109782       0.100385092825014       3.662411139719240E-003  6.140998735455670E-002  -3691.37835972547     
   7.00693364049893        22.6040894651684       -6.29025393739155       9.848159489678147E-002  3.742362472542650E-003  6.184237722877828E-002  -3656.22476227719     
   7.03770775438581        22.2094783276148       -6.34092145053235       9.645560429095358E-002  3.816542640507243E-003  6.226330114096713E-002  -3621.89957584829     
   7.06758806230475        21.8329718580160       -6.39156607221038       9.434241800467960E-002  3.885002941959741E-003  6.267147881156088E-002  -3588.60261800744     
   7.09656145776514        21.4726073141051       -6.43870304845758       9.209215701589557E-002  3.947894490595017E-003  6.306793936669637E-002  -3556.35719868215     
   7.12461523207815        21.1284547588067       -6.48507108046820       8.974866012870029E-002  4.005419215873864E-003  6.345121659788240E-002  -3525.13428548725     
   7.15173707993118        20.7985131453636       -6.52705228959778       8.726449436381921E-002  4.057846852463712E-003  6.382253937450788E-002  -3495.17452555941     
   7.17791510478538        20.4834271446623       -6.56796381258883       8.469008589603116E-002  4.105465733695011E-003  6.418024806987475E-002  -3466.15388695544     
   7.20313782409385        20.1811050074084       -6.60402482506146       8.197976781998495E-002  4.148603133037320E-003  6.452578038626713E-002  -3438.61689384318     
   7.22739417433828        19.8928219765443       -6.63906635785717       7.918816228216308E-002  4.187579166008103E-003  6.485728317763212E-002  -3411.85476828589     
   7.25067351588179        19.6162948510629       -6.66911801392931       7.627086193265946E-002  4.222730955610961E-003  6.517640320896347E-002  -3386.82943856217     
   7.27296563763578        19.3534518346585       -6.69843134519973       7.328425715851558E-002  4.254371393584993E-003  6.548110257506752E-002  -3362.32656919520     
   7.29426076153888        19.1017000264991       -6.72284486655081       7.018512601437089E-002  4.282815945474273E-003  6.577322658786859E-002  -3339.87262385690     
   7.31454954684594        18.8636235923716       -6.74691459577296       6.702939107967287E-002  4.308346998712790E-003  6.605057118569876E-002  -3317.58781599231     
   7.33382309422518        18.6362118154255       -6.76632580573082       6.377540238608709E-002  4.331241269866953E-003  6.631515848497478E-002  -3297.75181401105     
   7.35207294966172        18.4226938288344       -6.78580126551006       6.047670454427792E-002  4.351739975748261E-003  6.656464603109992E-002  -3277.61173296440     
   7.36929110816579        18.2195637530578       -6.80095634817745       5.709391006057576E-002  4.370074686539147E-003  6.680119981218967E-002  -3260.43990831577     
   7.38547001728403        18.0306690033103       -6.81652140756688       5.367673141249121E-002  4.386443372836842E-003  6.702236866232464E-002  -3242.34504577188     
   7.40060258041216        17.8519738127911       -6.82816884697670       5.018874108296051E-002  4.401032958392830E-003  6.723040780816998E-002  -3227.89380471598     
   7.41468215990786        17.6878976645502       -6.84045912382362       4.667501135538159E-002  4.414001178949151E-003  6.742274844203278E-002  -3211.72051615689     
   7.42770258000224        17.5338848393163       -6.84928254610766       4.310236882494279E-002  4.425494769600490E-003  6.760158822876673E-002  -3200.06638494996     
   7.43965812950871        17.3948608745573       -6.85884184620011       3.951138471058209E-002  4.435636814838478E-003  6.776405215035912E-002  -3185.66396841063     
   7.45054356432812        17.2657965688353       -6.86542381348297       3.587148591338613E-002  4.444540165993317E-003  6.791187584814108E-002  -3176.91630964526     
   7.46035410974899        17.1520454345954       -6.87268854000089       3.222035304730604E-002  4.452299489501479E-003  6.804140406479416E-002  -3164.09563764111     
   7.46908546254187        17.0481697309482       -6.87749480396110       2.852755040993947E-002  4.459000033126389E-003  6.815351718801768E-002  -3158.41917360539     
   7.47673379284683        16.9598788661679       -6.88279667344750       2.483210637350155E-002  4.464713178040827E-003  6.824402518837157E-002  -3146.92273789798     
   7.48329574585344        16.8813808332940       -6.88617330270381       2.109743661678954E-002  4.469501262609137E-003  6.831448387938457E-002  -3144.58874013096     
   7.48876844327222        16.8187069075012       -6.88975480551003       1.737439943337214E-002  4.473415504016542E-003  6.836300964584853E-002  -3134.00848317844     
   7.49314948459722        16.7657043937290       -6.89193252599194       1.360246967946025E-002  4.476498193359433E-003  6.839497809619473E-002  -3135.54392507462     
   7.49643694815891        16.7288021471012       -6.89397110019819       9.880340589643197E-003  4.478782137996863E-003  6.841193475823759E-002  -3125.02910630440     
   7.49862939196713        16.7012769066439       -6.89506790078808       6.023284012889995E-003  4.480291583765726E-003  6.842136906740746E-002  -3131.90441464592     
   7.49972585434356        16.6905322446797       -6.89570710171084       2.330457488540120E-003  4.481042383037954E-003  6.842376871891387E-002  -3117.80849251919     
   7.50274019415727        16.6648369660379       -6.89722324349241       1.173338995592942E-002  4.483122183403916E-003  6.842801031665129E-002  -3126.40962297305     
   7.50712027464751        16.6110307529415       -6.89985818179532       1.927137426754739E-002  4.486116678126745E-003  6.843923246336206E-002  -3116.90077108380     
   7.51368078850939        16.5363767878991       -6.90265351363404       2.675922195495813E-002  4.490527231279711E-003  6.844934010732248E-002  -3114.12888253358     
   7.52241022637231        16.4316126932315       -6.90785555663293       3.423284968378922E-002  4.496259581737844E-003  6.846104055517603E-002  -3102.45076607477     
   7.53329327383598        16.3061300176937       -6.91185870629610       4.164089945508297E-002  4.503196441425146E-003  6.846946090627445E-002  -3093.85466430546     
   7.54631083833706        16.1511930889817       -6.91910825925322       4.901497305171012E-002  4.511196355632199E-003  6.847875776304430E-002  -3079.17193971627     
   7.56144008264403        15.9757572779698       -6.92377933248278       5.629230676956444E-002  4.520111095085259E-003  6.848475687925175E-002  -3065.51956386288     
   7.57865446492142        15.7719106554238       -6.93233475549554       6.352073767418896E-002  4.529771758176273E-003  6.849185829728531E-002  -3047.62020959111     
   7.59792378529322        15.5478494349492       -6.93719423585174       7.061474588018810E-002  4.540026126440640E-003  6.849606178696403E-002  -3029.46820418372     
   7.61921423882374        15.2968642531192       -6.94630988207158       7.764523127451448E-002  4.550699807329827E-003  6.850155287357541E-002  -3008.36367964188     
   7.64248847482295        15.0261008509217       -6.95106780348977       8.450293254620719E-002  4.561662865588985E-003  6.850456434425208E-002  -2986.22472666197     
   7.66770566237227        14.7303361130755       -6.96021844911529       9.128133485675420E-002  4.572755574788466E-003  6.850888012592177E-002  -2962.06172397268     
   7.69482156195587        14.4155363121005       -6.96489521833420       9.785328033958528E-002  4.583890244173992E-003  6.851110582888575E-002  -2936.44584238900     
   7.72378860307185        14.0780572821415       -6.97395096624312       0.104329331331486       4.594937131027344E-003  6.851453358674318E-002  -2909.47800339021     
   7.75455596768701        13.7227546512773       -6.97892657473500       0.110573738211035       4.605862117092008E-003  6.851622965012069E-002  -2880.90608995164     
   7.78706967938900        13.3474582078529       -6.98818429853522       0.116705677917286       4.616576393927095E-003  6.851896771580387E-002  -2851.48221190087     
   7.82127269807927        12.9561176552203       -6.99409361314762       0.122589874117686       4.627105387420932E-003  6.852029724244806E-002  -2820.49484735033     
   7.85710502004076        12.5477763754369       -7.00407174936246       0.128344244052568       4.637412563781584E-003  6.852249472760356E-002  -2789.05080316067     
   7.89450378320486        12.1256934919951       -7.01146165872516       0.133839774684290       4.647590516464140E-003  6.852356604998344E-002  -2756.21491395336     
   7.93340337743278        11.6897383674345       -7.02239764764408       0.139182548007307       4.657671998640357E-003  6.852534289190636E-002  -2723.26073742529     
   7.97373555961808        11.2425625506108       -7.03109186919351       0.144250646028082       4.667830222702026E-003  6.852623141149242E-002  -2689.16506776349     
   8.01542957340825        10.7843352462783       -7.04213798142083       0.149127390221765       4.678188326796492E-003  6.852768625103167E-002  -2655.25422752869     
   8.05841227333536        10.3169422952080       -7.05033810595214       0.153693941406446       4.689012704193046E-003  6.852844510530977E-002  -2620.47623920669     
   8.10260825313813        9.84017796977571       -7.05856838056380       0.158000739689592       4.700526870843739E-003  6.852965652942629E-002  -2586.13849505344     
   8.14793997805009        9.35475511521793       -7.06189441491859       0.161925704572898       4.713079992936802E-003  6.853032013925631E-002  -2551.16230204353     
   8.19432792082192        8.85934722238841       -7.06145489186220       0.165480309165979       4.726965318310078E-003  6.853134458064900E-002  -2516.78245622747     
   8.24169070123926        8.35300111254804       -7.05239749591364       0.168536077027204       4.742547713139046E-003  6.853192800756588E-002  -2481.85549512004     
   8.28994522889130        7.83269960932416       -7.03441784401376       0.171069210680995       4.760083619433201E-003  6.853279643475758E-002  -2447.49594528065     
   8.33900684893952        7.29561573851963       -7.00295256156808       0.172952668639275       4.779797643945133E-003  6.853329306868443E-002  -2412.43801612562     
   8.38878949063112        6.73708473922766       -6.95706975524599       0.174148028495950       4.801702608874374E-003  6.853400853274892E-002  -2377.63927398107     
   8.43920581829630        6.15302232623028       -6.89333828740603       0.174556544988526       4.825626363732145E-003  6.853438898516484E-002  -2341.66515814438     
   8.49016738456476        5.53832330242301       -6.81172550305606       0.174168555856593       4.851038618009362E-003  6.853492780734968E-002  -2305.31646486255     
   8.54158478553241        4.88965402998558       -6.71157203356244       0.172963727284411       4.877046798491162E-003  6.853514365985242E-002  -2267.00016205180     
   8.59336781760621        4.20430460555664       -6.59600921272525       0.171026224392897       4.902255261698730E-003  6.853546385315817E-002  -2227.44420321219     
   8.64542563575190        3.48339194635045       -6.46943143859868       0.168480138835313       4.924778412993284E-003  6.853546022325371E-002  -2185.02205590593     
   8.69766691286708        2.73102487087011       -6.34066994950946       0.165572128138466       4.942192183168619E-003  6.853552040681533E-002  -2140.61076434778     
   8.75000000000000        1.95762140137193       -6.22120911567807       0.162621719657933       4.951652081686529E-003  6.853525967570324E-002  -2092.83522869059     
   8.80233308713292        1.17884502470373       -6.12697765529215       0.160064067075973       4.950030011575375E-003  6.853504869609901E-002  -2043.09940901124     
   8.85457436424810       0.418234405423841       -6.07639107123780       0.158390263616817       4.934234884047860E-003  6.853454301616339E-002  -1990.69714613907     
   8.90663218239379      -0.295118533370760       -6.09038808732327       0.158139822737423       4.901591386293862E-003  6.853411467478761E-002  -1938.00172167272     
   8.95841521446759      -0.925762117171690       -6.18954731542696       0.159814337479392       4.850352078838326E-003  6.853345883340178E-002  -1885.35736707209     
   9.00983261543524       -1.43645656001632       -6.39235328477538       0.163825180003182       4.780185395808094E-003  6.853296122009171E-002  -1836.37033102365     
   9.06079418170370       -1.78969346746792       -6.71153688581138       0.170393991200637       4.692616128228603E-003  6.853235432414193E-002  -1792.48176666710     
   9.11121050936888       -1.95416774519109       -7.15168178255312       0.179496011406468       4.591243005305101E-003  6.853204154285328E-002  -1758.30582592261     
   9.16099315106048       -1.90717956424483       -7.70627551255012       0.190796860108644       4.481703017887117E-003  6.853178404648189E-002  -1735.82873269309     
   9.21005477110870       -1.64055302205561       -8.35669792112388       0.203651197205207       4.371309336455360E-003  6.853199483251958E-002  -1729.80754630771     
   9.25830929876074       -1.16092100350762       -9.07168801402155       0.217119715763822       4.268458180711985E-003  6.853244402748652E-002  -1741.63352488517     
   9.30567207917808      -0.492365799713742       -9.80883167426693       0.230044225920094       4.181887425165095E-003  6.853353242752273E-002  -1774.89546418178     
   9.35206002194991       0.327035603744407       -10.5163613543254       0.241129287500648       4.119961808642328E-003  6.853500863769152E-002  -1829.01647153897     
   9.39739174686187        1.24584212484389       -11.1361766260996       0.249053415420305       4.090070861381784E-003  6.853722962274039E-002  -1905.11914740978     
   9.44158772666464        2.20490728359062       -11.6065069510136       0.252563334667717       4.098219810453607E-003  6.853988563390237E-002  -1999.53767837469     
   9.48457042659176        3.13884574647206       -11.8653648214743       0.250580502728841       4.148778231100318E-003  6.854325329189664E-002  -2110.09506486118     
   9.52626444038192        3.98148846773670       -11.8536495596337       0.242284662781317       4.244352835186453E-003  6.854692608255922E-002  -2229.56626469614     
   9.56659662256722        4.66652067149814       -11.5192483674172       0.227206437708551       4.385689580205590E-003  6.855106654018327E-002  -2352.48555311173     
   9.60549621679514        5.13212841637728       -10.8206703191993       0.205286935059505       4.571551635150072E-003  6.855514302474405E-002  -2468.65827311138     
   9.64289497995924        5.32100205082874       -9.73114722524570       0.176928133034609       4.798486609093990E-003  6.855918887132750E-002  -2570.62861873884     
   9.67872730192073        5.18473236169406       -8.24108014624595       0.142984672634776       5.060435824942899E-003  6.856254541847376E-002  -2647.25958402980     
   9.71293032061100        4.68359019994074       -6.35993710235295       0.104730713410354       5.348102540674581E-003  6.856513356608084E-002  -2691.81568188540     
   9.74544403231299        3.79086740292775       -4.11566722383663       6.376537315140765E-002  5.648044432646543E-003  6.856620021344516E-002  -2695.35130005423     
   9.77621139692815        2.49248494758463       -1.55389599752409       2.191456005785680E-002  5.941475418532593E-003  6.856560780071783E-002  -2655.10379866890     
   9.80517843804413       0.791609353276277        1.26468500144523      -1.890018273390880E-002  6.202944484654408E-003  6.856258441230795E-002  -2567.24875837560     
   9.83229433762773       -1.29125834539242        4.26558819349818      -5.676221133121487E-002  6.399320165689604E-003  6.855704267825269E-002  -2435.30838027588     
   9.85751152517705       -3.71257351856425        7.36270051045515      -8.987739776370637E-002  6.490014271847155E-003  6.854833915286510E-002  -2261.94869387543     
   9.88078576117626       -6.40533590706918        10.4581901317647      -0.116657731957194       6.429829435806857E-003  6.853663898028417E-002  -2057.32710295410     
   9.90207621470678       -9.27499321199615        13.4443751817380      -0.135843386080577       6.175934745136941E-003  6.852169597647335E-002  -1829.72672731057     
   9.92134553507858       -12.2056327168619        16.2057859228744      -0.146611079113889       5.699435519879823E-003  6.850428148992137E-002  -1593.85106161736     
   9.93855991735597       -15.0675590051590        18.6289356999210      -0.148725273550127       4.999652701199581E-003  6.848495493001050E-002  -1360.05546333436     
   9.95368916166294       -17.7375965684033        20.6173549079293      -0.142619010100591       4.116051075421691E-003  6.846541700792415E-002  -1142.85161746079     
   9.96670672616402       -20.1141530743865        22.1147636193447      -0.129403861821918       3.130759051583859E-003  6.844692395412443E-002  -949.055330275542     
   9.97758977362769       -22.1315655476515        23.1223154917663      -0.110681337065751       2.155694529196733E-003  6.843115045686704E-002  -787.898493722744     
   9.98631921149061       -23.7554805997809        23.7047417386641      -8.824854918381628E-002  1.304195884254286E-003  6.841810024072656E-002  -659.146412714809     
   9.99287972535249       -24.9755067346493        23.9738207432851      -6.371732154293336E-002  6.572099610386332E-004  6.840751681547307E-002  -566.356073034702     
   9.99725980584273       -25.7888474091971        24.0587715221424       1.959258670620044E-003  2.431799192189934E-004  6.839888970014640E-002  -504.338218744110     
   9.99945176881179       -26.1961829083196        24.0697589392479       5.358422769277424E-002  4.761668475017578E-005  6.839397095175848E-002  -475.722882986466     
